71 944
71 945
71 946
72 944
72 945
72 946
72 947
73 943
73 944
73 945
73 946
73 947
73 948
74 943
74 944
74 945
74 948
74 949
74 950
75 943
75 944
75 949
75 950
75 951
76 943
76 944
76 950
76 951
77 943
77 944
77 951
77 952
78 943
78 944
78 951
78 952
78 953
79 942
79 943
79 952
79 953
80 942
80 943
80 953
80 954
81 942
81 943
81 953
81 954
81 955
82 942
82 943
82 954
82 955
83 942
83 943
83 955
83 956
84 942
84 943
84 955
84 956
84 957
85 941
85 942
85 956
85 957
86 941
86 942
86 957
86 958
87 941
87 942
87 957
87 958
88 941
88 942
88 958
88 959
89 941
89 942
89 958
89 959
90 941
90 942
90 959
90 960
91 941
91 942
91 959
91 960
91 961
92 941
92 942
92 960
92 961
93 940
93 941
93 961
93 962
94 940
94 941
94 961
94 962
95 940
95 941
95 962
95 963
96 940
96 941
96 962
96 963
96 964
97 940
97 941
97 963
97 964
98 940
98 941
98 964
98 965
99 939
99 940
99 964
99 965
100 939
100 940
100 965
100 966
101 939
101 940
101 965
101 966
102 939
102 940
102 966
102 967
103 939
103 940
103 966
103 967
104 939
104 940
104 967
104 968
105 938
105 939
105 967
105 968
106 938
106 939
106 968
106 969
107 938
107 939
107 968
107 969
107 970
108 938
108 939
108 969
108 970
109 938
109 939
109 970
109 971
110 938
110 939
110 970
110 971
111 938
111 939
111 971
111 972
112 938
112 939
112 971
112 972
113 938
113 939
113 972
113 973
114 938
114 939
114 972
114 973
115 938
115 939
115 973
115 974
116 937
116 938
116 973
116 974
116 975
117 937
117 938
117 974
117 975
118 937
118 938
118 974
118 975
118 976
119 937
119 938
119 975
119 976
120 937
120 938
120 975
120 976
120 977
121 937
121 938
121 976
121 977
122 936
122 937
122 976
122 977
123 936
123 937
123 977
123 978
124 936
124 937
124 977
124 978
125 936
125 937
125 978
125 979
126 936
126 937
126 978
126 979
127 936
127 937
127 979
127 980
128 935
128 936
128 979
128 980
129 935
129 936
129 980
129 981
130 935
130 936
130 980
130 981
131 935
131 936
131 981
131 982
132 935
132 936
132 981
132 982
133 935
133 936
133 982
133 983
134 934
134 935
134 982
134 983
135 934
135 935
135 982
135 983
135 984
136 934
136 935
136 983
136 984
137 934
137 935
137 983
137 984
138 934
138 935
138 984
138 985
139 934
139 935
139 984
139 985
140 933
140 934
140 985
140 986
141 933
141 934
141 985
141 986
142 933
142 934
142 986
142 987
143 933
143 934
143 986
143 987
144 933
144 934
144 986
144 987
145 933
145 934
145 987
145 988
146 932
146 933
146 934
146 987
146 988
147 932
147 933
147 988
147 989
148 932
148 933
148 988
148 989
149 932
149 933
149 989
149 990
150 932
150 933
150 989
150 990
151 932
151 933
151 989
151 990
151 991
152 932
152 933
152 990
152 991
153 932
153 933
153 990
153 991
154 932
154 933
154 991
154 992
155 931
155 932
155 933
155 991
155 992
156 931
156 932
156 992
156 993
157 931
157 932
157 992
157 993
158 931
158 932
158 993
158 994
159 931
159 932
159 993
159 994
160 931
160 932
160 993
160 994
161 931
161 932
161 994
161 995
162 931
162 932
162 994
162 995
163 931
163 932
163 995
163 996
164 930
164 931
164 995
164 996
165 930
165 931
165 996
165 997
166 181
166 182
166 183
166 184
166 185
166 186
166 187
166 188
166 189
166 190
166 191
166 192
166 193
166 194
166 195
166 196
166 197
166 198
166 199
166 200
166 201
166 202
166 203
166 204
166 205
166 206
166 207
166 208
166 930
166 931
166 996
166 997
167 178
167 179
167 180
167 181
167 182
167 183
167 184
167 185
167 186
167 187
167 188
167 189
167 190
167 191
167 192
167 193
167 194
167 195
167 196
167 197
167 198
167 199
167 200
167 201
167 202
167 203
167 204
167 205
167 206
167 207
167 208
167 209
167 210
167 211
167 930
167 931
167 996
167 997
167 998
168 171
168 172
168 173
168 174
168 175
168 176
168 177
168 178
168 179
168 180
168 181
168 182
168 183
168 184
168 185
168 186
168 187
168 188
168 189
168 190
168 191
168 192
168 193
168 194
168 195
168 196
168 197
168 198
168 199
168 200
168 201
168 202
168 203
168 204
168 205
168 206
168 207
168 208
168 209
168 210
168 211
168 212
168 213
168 214
168 467
168 468
168 469
168 470
168 930
168 931
168 997
168 998
169 162
169 163
169 164
169 166
169 167
169 168
169 169
169 170
169 171
169 172
169 173
169 174
169 175
169 176
169 177
169 178
169 212
169 213
169 214
169 215
169 216
169 464
169 465
169 466
169 467
169 468
169 469
169 470
169 471
169 472
169 929
169 930
169 997
169 998
170 158
170 159
170 160
170 161
170 162
170 163
170 164
170 165
170 166
170 167
170 168
170 169
170 170
170 171
170 172
170 173
170 174
170 175
170 215
170 216
170 217
170 218
170 462
170 463
170 464
170 465
170 466
170 467
170 468
170 469
170 470
170 471
170 472
170 473
170 929
170 930
170 998
170 999
171 154
171 155
171 156
171 157
171 158
171 159
171 160
171 161
171 162
171 163
171 164
171 165
171 166
171 217
171 218
171 219
171 460
171 461
171 462
171 463
171 464
171 472
171 473
171 474
171 929
171 930
171 998
171 999
172 151
172 152
172 153
172 154
172 155
172 156
172 157
172 218
172 219
172 220
172 221
172 459
172 460
172 461
172 473
172 474
172 475
172 929
172 930
172 999
172 1000
173 149
173 150
173 151
173 152
173 153
173 220
173 221
173 457
173 458
173 459
173 474
173 475
173 476
173 928
173 929
173 999
173 1000
174 146
174 147
174 148
174 149
174 150
174 151
174 221
174 222
174 456
174 457
174 458
174 475
174 476
174 477
174 928
174 929
174 999
174 1000
175 143
175 144
175 145
175 146
175 147
175 148
175 222
175 223
175 455
175 456
175 457
175 476
175 477
175 478
175 928
175 929
175 1000
175 1001
176 141
176 142
176 143
176 144
176 145
176 222
176 223
176 224
176 453
176 454
176 455
176 477
176 478
176 479
176 928
176 929
176 1000
176 1001
177 139
177 140
177 141
177 142
177 223
177 224
177 225
177 452
177 453
177 454
177 478
177 479
177 480
177 928
177 929
177 1001
177 1002
178 138
178 139
178 140
178 224
178 225
178 226
178 227
178 451
178 452
178 453
178 479
178 480
178 481
178 927
178 928
178 1001
178 1002
179 136
179 137
179 138
179 226
179 227
179 228
179 450
179 451
179 452
179 480
179 481
179 482
179 927
179 928
179 1001
179 1002
180 135
180 136
180 137
180 227
180 228
180 449
180 450
180 451
180 481
180 482
180 483
180 927
180 928
180 1002
180 1003
181 133
181 134
181 135
181 136
181 228
181 229
181 448
181 449
181 450
181 482
181 483
181 927
181 928
181 1002
181 1003
182 132
182 133
182 134
182 135
182 228
182 229
182 230
182 447
182 448
182 449
182 483
182 484
182 926
182 927
182 928
182 1003
182 1004
183 131
183 132
183 133
183 134
183 229
183 230
183 231
183 446
183 447
183 448
183 484
183 485
183 926
183 927
183 1003
183 1004
184 131
184 132
184 230
184 231
184 232
184 445
184 446
184 447
184 484
184 485
184 926
184 927
184 1003
184 1004
184 1005
185 130
185 131
185 231
185 232
185 444
185 445
185 446
185 485
185 486
185 926
185 927
185 1004
185 1005
186 129
186 130
186 232
186 233
186 443
186 444
186 445
186 486
186 487
186 926
186 927
186 1004
186 1005
187 128
187 129
187 130
187 233
187 234
187 442
187 443
187 444
187 486
187 487
187 488
187 925
187 926
187 1005
187 1006
188 127
188 128
188 129
188 233
188 234
188 235
188 441
188 442
188 443
188 487
188 488
188 925
188 926
188 1005
188 1006
189 126
189 127
189 234
189 235
189 440
189 441
189 442
189 488
189 489
189 925
189 926
189 1005
189 1006
189 1007
190 126
190 127
190 235
190 236
190 439
190 440
190 441
190 488
190 489
190 924
190 925
190 926
190 1006
190 1007
191 125
191 126
191 127
191 235
191 236
191 237
191 439
191 440
191 489
191 490
191 924
191 925
191 1006
191 1007
192 125
192 126
192 236
192 237
192 438
192 439
192 490
192 491
192 924
192 925
192 1007
192 1008
193 124
193 125
193 236
193 237
193 238
193 437
193 438
193 490
193 491
193 924
193 925
193 1007
193 1008
194 123
194 124
194 237
194 238
194 436
194 437
194 491
194 492
194 923
194 924
194 1008
194 1009
195 123
195 124
195 237
195 238
195 239
195 435
195 436
195 437
195 491
195 492
195 493
195 923
195 924
195 1008
195 1009
196 122
196 123
196 124
196 238
196 239
196 435
196 436
196 492
196 493
196 923
196 924
196 1008
196 1009
197 122
197 123
197 124
197 238
197 239
197 240
197 434
197 435
197 493
197 494
197 923
197 924
197 1009
197 1010
198 122
198 123
198 239
198 240
198 433
198 434
198 493
198 494
198 922
198 923
198 1009
198 1010
199 121
199 122
199 239
199 240
199 241
199 432
199 433
199 494
199 495
199 922
199 923
199 1010
199 1011
200 121
200 122
200 240
200 241
200 431
200 432
200 433
200 495
200 496
200 922
200 923
200 1010
200 1011
201 120
201 121
201 240
201 241
201 242
201 431
201 432
201 495
201 496
201 921
201 922
201 1010
201 1011
201 1012
202 120
202 121
202 241
202 242
202 430
202 431
202 496
202 497
202 921
202 922
202 1011
202 1012
203 119
203 120
203 241
203 242
203 243
203 429
203 430
203 496
203 497
203 498
203 921
203 922
203 1011
203 1012
204 119
204 120
204 242
204 243
204 428
204 429
204 497
204 498
204 921
204 922
204 1012
204 1013
205 119
205 120
205 242
205 243
205 427
205 428
205 429
205 497
205 498
205 920
205 921
205 1012
205 1013
206 118
206 119
206 242
206 243
206 427
206 428
206 497
206 498
206 920
206 921
206 1012
206 1013
206 1014
207 118
207 119
207 242
207 243
207 426
207 427
207 498
207 499
207 920
207 921
207 1013
207 1014
208 117
208 118
208 242
208 243
208 425
208 426
208 498
208 499
208 919
208 920
208 1013
208 1014
209 117
209 118
209 243
209 244
209 424
209 425
209 498
209 499
209 919
209 920
209 1014
209 1015
210 117
210 118
210 243
210 244
210 423
210 424
210 425
210 499
210 500
210 919
210 920
210 1014
210 1015
211 116
211 117
211 243
211 244
211 423
211 424
211 499
211 500
211 919
211 920
211 1015
211 1016
212 116
212 117
212 244
212 245
212 422
212 423
212 499
212 500
212 918
212 919
212 1015
212 1016
213 116
213 117
213 244
213 245
213 422
213 423
213 500
213 501
213 918
213 919
213 1016
213 1017
214 116
214 117
214 244
214 245
214 421
214 422
214 500
214 501
214 918
214 919
214 1016
214 1017
215 115
215 116
215 244
215 245
215 246
215 420
215 421
215 422
215 500
215 501
215 917
215 918
215 1016
215 1017
216 115
216 116
216 244
216 245
216 246
216 420
216 421
216 501
216 502
216 917
216 918
216 1017
216 1018
217 115
217 116
217 244
217 245
217 246
217 419
217 420
217 421
217 501
217 502
217 917
217 918
217 1017
217 1018
218 114
218 115
218 244
218 245
218 246
218 419
218 420
218 502
218 503
218 916
218 917
218 1018
218 1019
219 114
219 115
219 244
219 245
219 246
219 418
219 419
219 502
219 503
219 916
219 917
219 1018
219 1019
220 113
220 114
220 115
220 245
220 246
220 418
220 419
220 503
220 504
220 916
220 917
220 1019
220 1020
221 113
221 114
221 115
221 245
221 246
221 417
221 418
221 503
221 504
221 915
221 916
221 1019
221 1020
222 113
222 114
222 115
222 245
222 246
222 417
222 418
222 504
222 505
222 915
222 916
222 1019
222 1020
222 1021
223 113
223 114
223 245
223 246
223 416
223 417
223 504
223 505
223 915
223 916
223 1020
223 1021
224 113
224 114
224 246
224 247
224 416
224 417
224 505
224 506
224 915
224 916
224 1020
224 1021
225 113
225 114
225 246
225 247
225 415
225 416
225 505
225 506
225 914
225 915
225 1021
225 1022
226 112
226 113
226 246
226 247
226 415
226 416
226 505
226 506
226 507
226 914
226 915
226 1021
226 1022
227 112
227 113
227 247
227 248
227 414
227 415
227 506
227 507
227 914
227 915
227 1022
227 1023
228 111
228 112
228 247
228 248
228 413
228 414
228 506
228 507
228 508
228 913
228 914
228 1022
228 1023
229 111
229 112
229 247
229 248
229 412
229 413
229 414
229 507
229 508
229 913
229 914
229 1022
229 1023
229 1024
230 111
230 112
230 247
230 248
230 412
230 413
230 507
230 508
230 509
230 913
230 914
230 1023
230 1024
231 110
231 111
231 112
231 248
231 249
231 411
231 412
231 508
231 509
231 912
231 913
231 1023
231 1024
232 110
232 111
232 112
232 248
232 249
232 410
232 411
232 412
232 508
232 509
232 510
232 912
232 913
232 1024
232 1025
233 110
233 111
233 112
233 248
233 249
233 410
233 411
233 509
233 510
233 911
233 912
233 913
233 1024
233 1025
234 110
234 111
234 112
234 248
234 249
234 250
234 409
234 410
234 509
234 510
234 511
234 911
234 912
234 1025
234 1026
235 110
235 111
235 248
235 249
235 250
235 408
235 409
235 410
235 510
235 511
235 911
235 912
235 1025
235 1026
236 109
236 110
236 248
236 249
236 250
236 408
236 409
236 510
236 511
236 910
236 911
236 1026
236 1027
237 109
237 110
237 248
237 249
237 250
237 407
237 408
237 510
237 511
237 910
237 911
237 1026
237 1027
238 108
238 109
238 248
238 249
238 250
238 407
238 408
238 510
238 511
238 909
238 910
238 911
238 1026
238 1027
239 108
239 109
239 248
239 249
239 250
239 406
239 407
239 511
239 512
239 909
239 910
239 1027
239 1028
240 107
240 108
240 248
240 249
240 250
240 406
240 407
240 511
240 512
240 909
240 910
240 1027
240 1028
241 107
241 108
241 248
241 249
241 250
241 406
241 407
241 511
241 512
241 908
241 909
241 1028
241 1029
242 107
242 108
242 249
242 250
242 405
242 406
242 511
242 512
242 908
242 909
242 1028
242 1029
243 106
243 107
243 108
243 249
243 250
243 405
243 406
243 511
243 512
243 710
243 711
243 712
243 713
243 714
243 908
243 909
243 1029
243 1030
244 106
244 107
244 108
244 249
244 250
244 404
244 405
244 512
244 513
244 708
244 709
244 710
244 711
244 712
244 713
244 714
244 715
244 716
244 907
244 908
244 1029
244 1030
245 106
245 107
245 108
245 249
245 250
245 404
245 405
245 512
245 513
245 707
245 708
245 709
245 710
245 711
245 712
245 713
245 714
245 715
245 716
245 907
245 908
245 1029
245 1030
245 1031
246 107
246 108
246 249
246 250
246 403
246 404
246 405
246 512
246 513
246 704
246 705
246 706
246 707
246 708
246 715
246 716
246 906
246 907
246 1030
246 1031
247 106
247 107
247 249
247 250
247 403
247 404
247 512
247 513
247 702
247 703
247 704
247 705
247 706
247 707
247 716
247 717
247 906
247 907
247 1030
247 1031
248 106
248 107
248 249
248 250
248 403
248 404
248 512
248 513
248 700
248 701
248 702
248 703
248 704
248 705
248 706
248 716
248 717
248 906
248 907
248 1031
248 1032
249 106
249 107
249 250
249 251
249 402
249 403
249 513
249 514
249 698
249 699
249 700
249 701
249 716
249 717
249 718
249 905
249 906
249 1031
249 1032
250 106
250 107
250 250
250 251
250 402
250 403
250 513
250 514
250 697
250 698
250 699
250 717
250 718
250 905
250 906
250 1032
250 1033
251 106
251 107
251 250
251 251
251 401
251 402
251 513
251 514
251 696
251 697
251 698
251 717
251 718
251 904
251 905
251 1032
251 1033
252 105
252 106
252 250
252 251
252 400
252 401
252 402
252 513
252 514
252 695
252 696
252 697
252 718
252 719
252 904
252 905
252 1033
252 1034
253 105
253 106
253 250
253 251
253 400
253 401
253 513
253 514
253 694
253 695
253 696
253 718
253 719
253 904
253 905
253 1033
253 1034
254 105
254 106
254 251
254 252
254 399
254 400
254 401
254 513
254 514
254 693
254 694
254 695
254 718
254 719
254 720
254 903
254 904
254 1033
254 1034
255 105
255 106
255 251
255 252
255 399
255 400
255 513
255 514
255 692
255 693
255 694
255 719
255 720
255 903
255 904
255 1034
255 1035
256 105
256 106
256 251
256 252
256 398
256 399
256 513
256 514
256 690
256 691
256 692
256 719
256 720
256 902
256 903
256 1034
256 1035
257 105
257 106
257 251
257 252
257 398
257 399
257 513
257 514
257 689
257 690
257 691
257 720
257 721
257 902
257 903
257 1035
257 1036
258 105
258 106
258 251
258 252
258 397
258 398
258 513
258 514
258 688
258 689
258 690
258 720
258 721
258 901
258 902
258 903
258 1035
258 1036
259 104
259 105
259 252
259 253
259 397
259 398
259 513
259 514
259 687
259 688
259 689
259 721
259 722
259 901
259 902
259 1036
259 1037
260 104
260 105
260 252
260 253
260 396
260 397
260 513
260 514
260 687
260 688
260 721
260 722
260 901
260 902
260 1036
260 1037
261 104
261 105
261 252
261 253
261 396
261 397
261 513
261 514
261 686
261 687
261 722
261 723
261 900
261 901
261 1036
261 1037
261 1038
262 104
262 105
262 252
262 253
262 395
262 396
262 513
262 514
262 685
262 686
262 687
262 722
262 723
262 900
262 901
262 1037
262 1038
263 104
263 105
263 252
263 253
263 395
263 396
263 513
263 514
263 685
263 686
263 723
263 724
263 899
263 900
263 1037
263 1038
264 104
264 105
264 252
264 253
264 394
264 395
264 513
264 514
264 684
264 685
264 723
264 724
264 899
264 900
264 1038
264 1039
265 104
265 105
265 252
265 253
265 394
265 395
265 514
265 515
265 684
265 685
265 724
265 725
265 899
265 900
265 1038
265 1039
266 103
266 104
266 105
266 252
266 253
266 393
266 394
266 514
266 515
266 683
266 684
266 724
266 725
266 898
266 899
266 1039
266 1040
267 103
267 104
267 105
267 252
267 253
267 393
267 394
267 514
267 515
267 682
267 683
267 684
267 724
267 725
267 898
267 899
267 1039
267 1040
268 103
268 104
268 105
268 253
268 254
268 392
268 393
268 514
268 515
268 682
268 683
268 725
268 726
268 897
268 898
268 1039
268 1040
268 1041
269 103
269 104
269 105
269 253
269 254
269 392
269 393
269 514
269 515
269 681
269 682
269 725
269 726
269 897
269 898
269 1040
269 1041
270 103
270 104
270 253
270 254
270 392
270 393
270 514
270 515
270 681
270 682
270 726
270 727
270 896
270 897
270 898
270 1040
270 1041
271 103
271 104
271 253
271 254
271 391
271 392
271 514
271 515
271 680
271 681
271 726
271 727
271 896
271 897
271 1041
271 1042
272 103
272 104
272 253
272 254
272 391
272 392
272 514
272 515
272 680
272 681
272 726
272 727
272 728
272 896
272 897
272 1041
272 1042
273 102
273 103
273 253
273 254
273 390
273 391
273 515
273 516
273 679
273 680
273 727
273 728
273 895
273 896
273 1042
273 1043
274 102
274 103
274 253
274 254
274 390
274 391
274 515
274 516
274 679
274 680
274 727
274 728
274 895
274 896
274 1042
274 1043
275 102
275 103
275 253
275 254
275 390
275 391
275 515
275 516
275 678
275 679
275 728
275 729
275 894
275 895
275 1043
275 1044
276 101
276 102
276 103
276 254
276 255
276 390
276 391
276 515
276 516
276 678
276 679
276 728
276 729
276 894
276 895
276 1043
276 1044
277 101
277 102
277 103
277 254
277 255
277 389
277 390
277 515
277 516
277 677
277 678
277 679
277 729
277 730
277 893
277 894
277 895
277 1043
277 1044
278 101
278 102
278 103
278 254
278 255
278 389
278 390
278 515
278 516
278 677
278 678
278 729
278 730
278 893
278 894
278 1044
278 1045
279 101
279 102
279 103
279 254
279 255
279 389
279 390
279 515
279 516
279 677
279 678
279 729
279 730
279 731
279 893
279 894
279 1044
279 1045
280 101
280 102
280 254
280 255
280 388
280 389
280 516
280 517
280 676
280 677
280 730
280 731
280 892
280 893
280 1045
280 1046
281 101
281 102
281 254
281 255
281 388
281 389
281 516
281 517
281 676
281 677
281 730
281 731
281 732
281 891
281 892
281 1045
281 1046
282 101
282 102
282 254
282 255
282 388
282 389
282 516
282 517
282 676
282 677
282 731
282 732
282 891
282 892
282 1046
282 1047
283 100
283 101
283 254
283 255
283 388
283 389
283 516
283 517
283 675
283 676
283 731
283 732
283 890
283 891
283 1046
283 1047
284 100
284 101
284 254
284 255
284 387
284 388
284 389
284 516
284 517
284 675
284 676
284 732
284 733
284 889
284 890
284 1046
284 1047
284 1048
285 100
285 101
285 253
285 254
285 255
285 387
285 388
285 516
285 517
285 675
285 676
285 732
285 733
285 889
285 890
285 1047
285 1048
286 100
286 101
286 253
286 254
286 255
286 387
286 388
286 516
286 517
286 675
286 676
286 733
286 734
286 888
286 889
286 1047
286 1048
287 100
287 101
287 253
287 254
287 255
287 387
287 388
287 517
287 518
287 675
287 676
287 733
287 734
287 887
287 888
287 1048
287 1049
288 99
288 100
288 101
288 253
288 254
288 255
288 387
288 388
288 517
288 518
288 675
288 676
288 734
288 735
288 887
288 888
288 1048
288 1049
289 99
289 100
289 101
289 253
289 254
289 255
289 387
289 388
289 517
289 518
289 674
289 675
289 734
289 735
289 886
289 887
289 1048
289 1049
290 99
290 100
290 101
290 253
290 254
290 255
290 387
290 388
290 517
290 518
290 674
290 675
290 735
290 736
290 885
290 886
290 1049
290 1050
291 99
291 100
291 101
291 253
291 254
291 255
291 387
291 388
291 517
291 518
291 674
291 675
291 735
291 736
291 885
291 886
291 1049
291 1050
292 99
292 100
292 101
292 253
292 254
292 255
292 387
292 388
292 517
292 518
292 674
292 675
292 736
292 737
292 884
292 885
292 1049
292 1050
293 99
293 100
293 101
293 253
293 254
293 255
293 387
293 388
293 518
293 519
293 674
293 675
293 736
293 737
293 883
293 884
293 1050
293 1051
294 99
294 100
294 101
294 253
294 254
294 255
294 386
294 387
294 518
294 519
294 674
294 675
294 736
294 737
294 738
294 883
294 884
294 1050
294 1051
295 99
295 100
295 101
295 253
295 254
295 255
295 386
295 387
295 518
295 519
295 673
295 674
295 737
295 738
295 882
295 883
295 1050
295 1051
296 99
296 100
296 101
296 253
296 254
296 255
296 386
296 387
296 518
296 519
296 673
296 674
296 737
296 738
296 881
296 882
296 1051
296 1052
297 99
297 100
297 101
297 253
297 254
297 255
297 386
297 387
297 518
297 519
297 673
297 674
297 738
297 739
297 881
297 882
297 1051
297 1052
298 99
298 100
298 101
298 253
298 254
298 255
298 386
298 387
298 518
298 519
298 673
298 674
298 738
298 739
298 880
298 881
298 1051
298 1052
299 99
299 100
299 101
299 253
299 254
299 255
299 386
299 387
299 519
299 520
299 673
299 674
299 738
299 739
299 879
299 880
299 1052
299 1053
300 99
300 100
300 101
300 253
300 254
300 255
300 386
300 387
300 519
300 520
300 673
300 674
300 739
300 740
300 879
300 880
300 1052
300 1053
301 99
301 100
301 101
301 253
301 254
301 255
301 385
301 386
301 387
301 519
301 520
301 673
301 674
301 739
301 740
301 878
301 879
301 1052
301 1053
302 99
302 100
302 101
302 253
302 254
302 255
302 385
302 386
302 387
302 519
302 520
302 673
302 674
302 739
302 740
302 877
302 878
302 1053
302 1054
303 99
303 100
303 101
303 253
303 254
303 255
303 385
303 386
303 387
303 519
303 520
303 673
303 674
303 740
303 741
303 876
303 877
303 878
303 1053
303 1054
304 99
304 100
304 101
304 253
304 254
304 255
304 385
304 386
304 387
304 519
304 520
304 521
304 673
304 674
304 740
304 741
304 876
304 877
304 1053
304 1054
305 99
305 100
305 101
305 253
305 254
305 255
305 385
305 386
305 387
305 520
305 521
305 672
305 673
305 740
305 741
305 875
305 876
305 1054
305 1055
306 99
306 100
306 101
306 253
306 254
306 255
306 385
306 386
306 387
306 520
306 521
306 672
306 673
306 741
306 742
306 874
306 875
306 1054
306 1055
307 99
307 100
307 101
307 253
307 254
307 255
307 385
307 386
307 387
307 520
307 521
307 672
307 673
307 741
307 742
307 873
307 874
307 875
307 1054
307 1055
308 99
308 100
308 101
308 253
308 254
308 255
308 385
308 386
308 387
308 520
308 521
308 672
308 673
308 741
308 742
308 743
308 873
308 874
308 1055
308 1056
309 99
309 100
309 101
309 253
309 254
309 255
309 385
309 386
309 387
309 520
309 521
309 671
309 672
309 742
309 743
309 872
309 873
309 1055
309 1056
310 99
310 100
310 101
310 253
310 254
310 255
310 385
310 386
310 387
310 521
310 522
310 671
310 672
310 742
310 743
310 871
310 872
310 1055
310 1056
311 99
311 100
311 101
311 253
311 254
311 255
311 385
311 386
311 387
311 521
311 522
311 671
311 672
311 743
311 744
311 870
311 871
311 872
311 1056
311 1057
312 99
312 100
312 101
312 253
312 254
312 255
312 385
312 386
312 387
312 521
312 522
312 671
312 672
312 743
312 744
312 870
312 871
312 1056
312 1057
313 99
313 100
313 101
313 253
313 254
313 255
313 385
313 386
313 387
313 521
313 522
313 670
313 671
313 743
313 744
313 869
313 870
313 1056
313 1057
314 99
314 100
314 101
314 253
314 254
314 255
314 385
314 386
314 387
314 521
314 522
314 670
314 671
314 744
314 745
314 868
314 869
314 1057
314 1058
315 99
315 100
315 101
315 253
315 254
315 255
315 385
315 386
315 387
315 521
315 522
315 670
315 671
315 744
315 745
315 867
315 868
315 869
315 1057
315 1058
316 99
316 100
316 101
316 253
316 254
316 255
316 385
316 386
316 387
316 522
316 523
316 670
316 671
316 745
316 746
316 867
316 868
316 1057
316 1058
317 99
317 100
317 101
317 253
317 254
317 255
317 385
317 386
317 387
317 522
317 523
317 669
317 670
317 745
317 746
317 866
317 867
317 1058
317 1059
318 99
318 100
318 101
318 253
318 254
318 255
318 385
318 386
318 387
318 522
318 523
318 669
318 670
318 746
318 747
318 865
318 866
318 1058
318 1059
319 99
319 100
319 101
319 253
319 254
319 255
319 385
319 386
319 387
319 522
319 523
319 669
319 670
319 746
319 747
319 864
319 865
319 866
319 1059
319 1060
320 99
320 100
320 101
320 253
320 254
320 255
320 385
320 386
320 387
320 522
320 523
320 669
320 670
320 747
320 748
320 864
320 865
320 1059
320 1060
321 99
321 100
321 101
321 253
321 254
321 255
321 385
321 386
321 387
321 522
321 523
321 669
321 670
321 747
321 748
321 863
321 864
321 1059
321 1060
322 99
322 100
322 101
322 253
322 254
322 255
322 385
322 386
322 387
322 522
322 523
322 669
322 670
322 747
322 748
322 862
322 863
322 1060
322 1061
323 99
323 100
323 101
323 253
323 254
323 255
323 385
323 386
323 387
323 522
323 523
323 668
323 669
323 748
323 749
323 861
323 862
323 863
323 1060
323 1061
324 99
324 100
324 101
324 253
324 254
324 255
324 385
324 386
324 387
324 522
324 523
324 668
324 669
324 748
324 749
324 861
324 862
324 1060
324 1061
324 1062
325 99
325 100
325 101
325 253
325 254
325 255
325 385
325 386
325 387
325 523
325 524
325 668
325 669
325 749
325 750
325 860
325 861
325 1061
325 1062
326 99
326 100
326 101
326 253
326 254
326 255
326 385
326 386
326 387
326 523
326 524
326 668
326 669
326 749
326 750
326 859
326 860
326 861
326 1061
326 1062
327 99
327 100
327 101
327 253
327 254
327 255
327 385
327 386
327 387
327 523
327 524
327 668
327 669
327 750
327 751
327 858
327 859
327 860
327 1062
327 1063
328 99
328 100
328 101
328 253
328 254
328 255
328 385
328 386
328 387
328 523
328 524
328 668
328 669
328 750
328 751
328 858
328 859
328 1062
328 1063
329 99
329 100
329 101
329 253
329 254
329 255
329 385
329 386
329 387
329 523
329 524
329 667
329 668
329 751
329 752
329 857
329 858
329 1063
329 1064
330 99
330 100
330 101
330 253
330 254
330 255
330 385
330 386
330 387
330 523
330 524
330 667
330 668
330 751
330 752
330 856
330 857
330 858
330 1063
330 1064
331 99
331 100
331 101
331 253
331 254
331 255
331 385
331 386
331 387
331 523
331 524
331 667
331 668
331 751
331 752
331 753
331 856
331 857
331 1064
331 1065
332 99
332 100
332 101
332 253
332 254
332 255
332 385
332 386
332 387
332 523
332 524
332 667
332 668
332 752
332 753
332 855
332 856
332 1064
332 1065
333 99
333 100
333 101
333 253
333 254
333 255
333 385
333 386
333 387
333 523
333 524
333 666
333 667
333 752
333 753
333 754
333 854
333 855
333 1065
333 1066
334 99
334 100
334 101
334 253
334 254
334 255
334 385
334 386
334 387
334 523
334 524
334 525
334 666
334 667
334 753
334 754
334 853
334 854
334 855
334 1065
334 1066
335 99
335 100
335 101
335 253
335 254
335 255
335 385
335 386
335 387
335 524
335 525
335 666
335 667
335 753
335 754
335 755
335 853
335 854
335 1066
335 1067
336 99
336 100
336 101
336 253
336 254
336 255
336 385
336 386
336 387
336 524
336 525
336 666
336 667
336 754
336 755
336 852
336 853
336 1066
336 1067
337 99
337 100
337 101
337 253
337 254
337 255
337 385
337 386
337 387
337 524
337 525
337 666
337 667
337 754
337 755
337 756
337 851
337 852
337 1067
337 1068
338 99
338 100
338 101
338 253
338 254
338 255
338 385
338 386
338 387
338 524
338 525
338 665
338 666
338 755
338 756
338 850
338 851
338 852
338 1067
338 1068
339 99
339 100
339 101
339 253
339 254
339 255
339 385
339 386
339 387
339 524
339 525
339 665
339 666
339 755
339 756
339 757
339 850
339 851
339 1068
339 1069
340 99
340 100
340 101
340 253
340 254
340 255
340 385
340 386
340 387
340 524
340 525
340 665
340 666
340 756
340 757
340 849
340 850
340 1068
340 1069
341 99
341 100
341 101
341 253
341 254
341 255
341 385
341 386
341 387
341 524
341 525
341 665
341 666
341 756
341 757
341 758
341 848
341 849
341 850
341 1069
341 1070
342 99
342 100
342 101
342 253
342 254
342 255
342 385
342 386
342 387
342 524
342 525
342 664
342 665
342 757
342 758
342 848
342 849
342 1069
342 1070
343 100
343 101
343 253
343 254
343 255
343 385
343 386
343 387
343 524
343 525
343 664
343 665
343 757
343 758
343 847
343 848
343 1070
343 1071
344 100
344 101
344 253
344 254
344 255
344 385
344 386
344 387
344 525
344 526
344 664
344 665
344 758
344 759
344 846
344 847
344 1070
344 1071
345 100
345 101
345 253
345 254
345 255
345 385
345 386
345 387
345 525
345 526
345 664
345 665
345 758
345 759
345 846
345 847
345 1071
345 1072
346 100
346 101
346 253
346 254
346 255
346 385
346 386
346 387
346 525
346 526
346 663
346 664
346 759
346 760
346 845
346 846
346 1071
346 1072
347 100
347 101
347 102
347 253
347 254
347 255
347 385
347 386
347 387
347 525
347 526
347 663
347 664
347 759
347 760
347 844
347 845
347 1072
347 1073
348 100
348 101
348 102
348 253
348 254
348 255
348 385
348 386
348 387
348 525
348 526
348 663
348 664
348 759
348 760
348 761
348 843
348 844
348 845
348 1072
348 1073
349 100
349 101
349 102
349 253
349 254
349 255
349 385
349 386
349 387
349 526
349 527
349 663
349 664
349 760
349 761
349 843
349 844
349 1073
349 1074
350 100
350 101
350 102
350 253
350 254
350 255
350 385
350 386
350 387
350 526
350 527
350 663
350 664
350 760
350 761
350 842
350 843
350 1073
350 1074
351 100
351 101
351 102
351 253
351 254
351 255
351 385
351 386
351 387
351 526
351 527
351 663
351 664
351 761
351 762
351 841
351 842
351 843
351 1074
351 1075
352 100
352 101
352 102
352 253
352 254
352 255
352 385
352 386
352 387
352 526
352 527
352 662
352 663
352 761
352 762
352 841
352 842
352 1074
352 1075
353 100
353 101
353 102
353 253
353 254
353 255
353 385
353 386
353 387
353 527
353 528
353 662
353 663
353 762
353 763
353 840
353 841
353 1074
353 1075
353 1076
354 100
354 101
354 102
354 253
354 254
354 255
354 385
354 386
354 387
354 527
354 528
354 662
354 663
354 762
354 763
354 839
354 840
354 841
354 1075
354 1076
355 100
355 101
355 102
355 253
355 254
355 255
355 385
355 386
355 387
355 527
355 528
355 662
355 663
355 762
355 763
355 764
355 839
355 840
355 1076
355 1077
356 100
356 101
356 102
356 254
356 255
356 385
356 386
356 387
356 527
356 528
356 662
356 663
356 763
356 764
356 838
356 839
356 1076
356 1077
357 100
357 101
357 102
357 254
357 255
357 386
357 387
357 527
357 528
357 662
357 663
357 763
357 764
357 837
357 838
357 839
357 1077
357 1078
358 100
358 101
358 102
358 254
358 255
358 386
358 387
358 528
358 529
358 661
358 662
358 764
358 765
358 837
358 838
358 1077
358 1078
359 100
359 101
359 102
359 254
359 255
359 386
359 387
359 528
359 529
359 661
359 662
359 764
359 765
359 836
359 837
359 1078
359 1079
360 100
360 101
360 102
360 254
360 255
360 386
360 387
360 528
360 529
360 661
360 662
360 765
360 766
360 835
360 836
360 837
360 1078
360 1079
361 100
361 101
361 102
361 254
361 255
361 386
361 387
361 528
361 529
361 660
361 661
361 765
361 766
361 835
361 836
361 1079
361 1080
362 100
362 101
362 102
362 254
362 255
362 386
362 387
362 528
362 529
362 530
362 660
362 661
362 766
362 767
362 834
362 835
362 1079
362 1080
362 1081
363 100
363 101
363 102
363 254
363 255
363 386
363 387
363 529
363 530
363 660
363 661
363 766
363 767
363 833
363 834
363 835
363 1080
363 1081
364 100
364 101
364 102
364 254
364 255
364 386
364 387
364 529
364 530
364 659
364 660
364 767
364 768
364 833
364 834
364 1081
364 1082
365 100
365 101
365 102
365 254
365 255
365 385
365 386
365 529
365 530
365 659
365 660
365 767
365 768
365 832
365 833
365 1081
365 1082
366 100
366 101
366 102
366 254
366 255
366 385
366 386
366 529
366 530
366 659
366 660
366 768
366 769
366 831
366 832
366 833
366 1082
366 1083
367 100
367 101
367 102
367 254
367 255
367 256
367 385
367 386
367 530
367 531
367 659
367 660
367 768
367 769
367 831
367 832
367 1082
367 1083
368 100
368 101
368 102
368 255
368 256
368 385
368 386
368 530
368 531
368 658
368 659
368 769
368 770
368 830
368 831
368 1083
368 1084
369 101
369 102
369 255
369 256
369 385
369 386
369 530
369 531
369 658
369 659
369 769
369 770
369 771
369 829
369 830
369 831
369 1083
369 1084
370 100
370 101
370 255
370 256
370 385
370 386
370 530
370 531
370 658
370 659
370 770
370 771
370 829
370 830
370 1084
370 1085
371 100
371 101
371 255
371 256
371 385
371 386
371 530
371 531
371 657
371 658
371 771
371 772
371 828
371 829
371 1084
371 1085
372 100
372 101
372 255
372 256
372 257
372 385
372 386
372 531
372 532
372 657
372 658
372 772
372 773
372 828
372 829
372 1085
372 1086
373 100
373 101
373 256
373 257
373 384
373 385
373 386
373 531
373 532
373 657
373 658
373 772
373 773
373 827
373 828
373 1085
373 1086
373 1087
374 100
374 101
374 256
374 257
374 384
374 385
374 386
374 531
374 532
374 656
374 657
374 773
374 774
374 826
374 827
374 1086
374 1087
375 100
375 256
375 257
375 384
375 385
375 386
375 531
375 532
375 656
375 657
375 774
375 775
375 826
375 827
375 1087
375 1088
376 256
376 257
376 384
376 385
376 386
376 532
376 533
376 656
376 657
376 774
376 775
376 776
376 825
376 826
376 1087
376 1088
377 257
377 258
377 384
377 385
377 386
377 532
377 533
377 656
377 657
377 775
377 776
377 824
377 825
377 1088
377 1089
378 257
378 258
378 384
378 385
378 386
378 532
378 533
378 656
378 657
378 776
378 777
378 823
378 824
378 1088
378 1089
379 257
379 258
379 384
379 385
379 386
379 532
379 533
379 656
379 657
379 776
379 777
379 778
379 822
379 823
379 824
379 1089
379 1090
380 257
380 258
380 384
380 385
380 532
380 533
380 655
380 656
380 777
380 778
380 821
380 822
380 823
380 1089
380 1090
381 258
381 259
381 384
381 385
381 532
381 533
381 655
381 656
381 778
381 779
381 821
381 822
381 1090
381 1091
382 258
382 259
382 384
382 385
382 533
382 534
382 655
382 656
382 778
382 779
382 780
382 820
382 821
382 1090
382 1091
382 1092
383 258
383 259
383 384
383 385
383 533
383 534
383 655
383 656
383 779
383 780
383 819
383 820
383 1091
383 1092
384 258
384 259
384 383
384 384
384 533
384 534
384 655
384 656
384 780
384 781
384 818
384 819
384 820
384 1091
384 1092
385 258
385 259
385 383
385 384
385 533
385 534
385 655
385 656
385 780
385 781
385 782
385 817
385 818
385 819
385 1092
385 1093
386 258
386 259
386 383
386 384
386 533
386 534
386 654
386 655
386 781
386 782
386 817
386 818
386 1092
386 1093
387 258
387 259
387 383
387 384
387 533
387 534
387 654
387 655
387 782
387 783
387 816
387 817
387 1093
387 1094
388 258
388 259
388 382
388 383
388 533
388 534
388 535
388 654
388 655
388 782
388 783
388 784
388 815
388 816
388 1093
388 1094
389 258
389 259
389 382
389 383
389 534
389 535
389 653
389 654
389 783
389 784
389 815
389 816
389 1094
389 1095
390 258
390 259
390 382
390 383
390 534
390 535
390 653
390 654
390 783
390 784
390 814
390 815
390 1094
390 1095
391 258
391 259
391 382
391 383
391 534
391 535
391 653
391 654
391 784
391 785
391 813
391 814
391 1095
391 1096
392 258
392 259
392 382
392 383
392 534
392 535
392 652
392 653
392 784
392 785
392 813
392 814
392 1095
392 1096
393 258
393 259
393 381
393 382
393 534
393 535
393 652
393 653
393 784
393 785
393 786
393 812
393 813
393 1096
393 1097
394 258
394 259
394 381
394 382
394 534
394 535
394 651
394 652
394 785
394 786
394 787
394 811
394 812
394 1096
394 1097
395 259
395 260
395 381
395 382
395 535
395 536
395 651
395 652
395 786
395 787
395 788
395 811
395 812
395 1097
395 1098
396 259
396 260
396 381
396 382
396 535
396 536
396 651
396 652
396 787
396 788
396 789
396 810
396 811
396 1097
396 1098
397 259
397 260
397 380
397 381
397 535
397 536
397 650
397 651
397 788
397 789
397 809
397 810
397 1098
397 1099
398 259
398 260
398 380
398 381
398 535
398 536
398 650
398 651
398 789
398 790
398 809
398 810
398 1098
398 1099
399 259
399 260
399 380
399 381
399 535
399 536
399 650
399 651
399 789
399 790
399 791
399 808
399 809
399 1099
399 1100
400 260
400 261
400 380
400 381
400 535
400 536
400 649
400 650
400 790
400 791
400 807
400 808
400 809
400 1099
400 1100
401 260
401 261
401 379
401 380
401 536
401 537
401 649
401 650
401 791
401 792
401 807
401 808
401 1100
401 1101
402 260
402 261
402 378
402 379
402 380
402 536
402 537
402 649
402 650
402 791
402 792
402 793
402 806
402 807
402 808
402 1100
402 1101
403 261
403 262
403 378
403 379
403 536
403 537
403 648
403 649
403 792
403 793
403 806
403 807
403 1100
403 1101
403 1102
404 261
404 262
404 377
404 378
404 536
404 537
404 648
404 649
404 792
404 793
404 794
404 805
404 806
404 1101
404 1102
405 261
405 262
405 376
405 377
405 378
405 536
405 537
405 647
405 648
405 793
405 794
405 795
405 805
405 806
405 1101
405 1102
405 1103
406 261
406 262
406 376
406 377
406 536
406 537
406 646
406 647
406 648
406 794
406 795
406 796
406 804
406 805
406 1102
406 1103
407 262
407 263
407 375
407 376
407 537
407 538
407 646
407 647
407 795
407 796
407 797
407 804
407 805
407 1102
407 1103
408 262
408 263
408 375
408 376
408 537
408 538
408 645
408 646
408 647
408 796
408 797
408 798
408 803
408 804
408 1103
408 1104
409 262
409 263
409 374
409 375
409 537
409 538
409 645
409 646
409 797
409 798
409 799
409 802
409 803
409 1103
409 1104
410 263
410 264
410 374
410 375
410 537
410 538
410 644
410 645
410 798
410 799
410 800
410 801
410 802
410 803
410 1104
410 1105
411 263
411 264
411 374
411 375
411 537
411 538
411 644
411 645
411 799
411 800
411 801
411 802
411 1104
411 1105
412 263
412 264
412 373
412 374
412 537
412 538
412 643
412 644
412 801
412 1105
412 1106
413 263
413 264
413 373
413 374
413 538
413 539
413 643
413 644
413 1105
413 1106
414 263
414 264
414 373
414 374
414 538
414 539
414 642
414 643
414 1106
414 1107
415 263
415 264
415 373
415 374
415 538
415 539
415 642
415 643
415 1106
415 1107
416 263
416 264
416 372
416 373
416 538
416 539
416 641
416 642
416 1107
416 1108
417 263
417 264
417 372
417 373
417 538
417 539
417 640
417 641
417 642
417 1107
417 1108
418 263
418 264
418 372
418 373
418 538
418 539
418 640
418 641
418 1108
418 1109
419 263
419 264
419 371
419 372
419 539
419 540
419 639
419 640
419 1108
419 1109
420 264
420 265
420 371
420 372
420 539
420 540
420 638
420 639
420 640
420 1109
420 1110
421 264
421 265
421 370
421 371
421 539
421 540
421 638
421 639
421 1109
421 1110
422 264
422 265
422 370
422 371
422 539
422 540
422 637
422 638
422 1110
422 1111
423 264
423 265
423 370
423 371
423 539
423 540
423 637
423 638
423 1110
423 1111
424 264
424 265
424 369
424 370
424 539
424 540
424 541
424 636
424 637
424 1111
424 1112
425 264
425 265
425 369
425 370
425 540
425 541
425 635
425 636
425 637
425 1111
425 1112
426 264
426 265
426 368
426 369
426 540
426 541
426 635
426 636
426 1111
426 1112
426 1113
427 264
427 265
427 367
427 368
427 369
427 540
427 541
427 634
427 635
427 1112
427 1113
428 264
428 265
428 367
428 368
428 540
428 541
428 633
428 634
428 635
428 1113
428 1114
429 264
429 265
429 366
429 367
429 540
429 541
429 633
429 634
429 1113
429 1114
430 264
430 265
430 366
430 367
430 541
430 542
430 632
430 633
430 1114
430 1115
431 264
431 265
431 266
431 365
431 366
431 541
431 542
431 632
431 633
431 1114
431 1115
432 265
432 266
432 365
432 366
432 541
432 542
432 631
432 632
432 1115
432 1116
433 265
433 266
433 364
433 365
433 541
433 542
433 631
433 632
433 1116
433 1117
434 265
434 266
434 363
434 364
434 365
434 541
434 542
434 630
434 631
434 1116
434 1117
435 265
435 266
435 363
435 364
435 541
435 542
435 630
435 631
435 1117
435 1118
436 266
436 267
436 362
436 363
436 542
436 543
436 629
436 630
436 1117
436 1118
437 266
437 267
437 362
437 363
437 542
437 543
437 629
437 630
437 1118
437 1119
438 266
438 267
438 361
438 362
438 542
438 543
438 628
438 629
438 1118
438 1119
438 1120
439 266
439 267
439 360
439 361
439 362
439 542
439 543
439 628
439 629
439 1119
439 1120
440 267
440 268
440 360
440 361
440 542
440 543
440 627
440 628
440 1119
440 1120
441 267
441 268
441 359
441 360
441 542
441 543
441 627
441 628
441 1120
441 1121
442 267
442 268
442 359
442 360
442 542
442 543
442 626
442 627
442 1120
442 1121
443 268
443 269
443 358
443 359
443 543
443 544
443 626
443 627
443 1120
443 1121
444 268
444 269
444 357
444 358
444 359
444 543
444 544
444 625
444 626
444 627
444 1121
444 1122
445 268
445 269
445 357
445 358
445 543
445 544
445 625
445 626
445 1121
445 1122
446 268
446 269
446 356
446 357
446 543
446 544
446 624
446 625
446 626
446 1121
446 1122
447 269
447 270
447 355
447 356
447 357
447 543
447 544
447 624
447 625
447 1122
447 1123
448 269
448 270
448 355
448 356
448 543
448 544
448 624
448 625
448 1122
448 1123
449 269
449 270
449 354
449 355
449 543
449 544
449 545
449 623
449 624
449 1123
449 1124
450 270
450 271
450 354
450 355
450 544
450 545
450 623
450 624
450 1123
450 1124
451 270
451 271
451 353
451 354
451 544
451 545
451 622
451 623
451 1123
451 1124
451 1125
452 270
452 271
452 352
452 353
452 544
452 545
452 622
452 623
452 1124
452 1125
453 271
453 272
453 351
453 352
453 353
453 544
453 545
453 621
453 622
453 1124
453 1125
453 1126
454 271
454 272
454 351
454 352
454 544
454 545
454 620
454 621
454 622
454 1125
454 1126
455 271
455 272
455 273
455 350
455 351
455 544
455 545
455 620
455 621
455 1125
455 1126
455 1127
456 272
456 273
456 349
456 350
456 351
456 545
456 546
456 619
456 620
456 1125
456 1126
456 1127
457 272
457 273
457 274
457 349
457 350
457 545
457 546
457 618
457 619
457 620
457 1125
457 1126
457 1127
458 273
458 274
458 348
458 349
458 545
458 546
458 618
458 619
458 1125
458 1126
458 1127
459 273
459 274
459 275
459 347
459 348
459 349
459 545
459 546
459 617
459 618
460 274
460 275
460 347
460 348
460 545
460 546
460 617
460 618
461 274
461 275
461 276
461 346
461 347
461 545
461 546
461 616
461 617
462 275
462 276
462 346
462 347
462 545
462 546
462 615
462 616
463 275
463 276
463 277
463 345
463 346
463 546
463 547
463 615
463 616
464 276
464 277
464 345
464 346
464 546
464 547
464 614
464 615
465 277
465 278
465 344
465 345
465 546
465 547
465 613
465 614
465 615
466 277
466 278
466 343
466 344
466 345
466 546
466 547
466 613
466 614
467 278
467 279
467 343
467 344
467 546
467 547
467 612
467 613
468 278
468 279
468 342
468 343
468 547
468 548
468 612
468 613
469 279
469 280
469 341
469 342
469 547
469 548
469 611
469 612
470 279
470 280
470 281
470 340
470 341
470 547
470 548
470 610
470 611
471 280
471 281
471 339
471 340
471 341
471 547
471 548
471 610
471 611
472 281
472 282
472 338
472 339
472 340
472 548
472 549
472 609
472 610
473 281
473 282
473 337
473 338
473 339
473 548
473 549
473 609
473 610
474 282
474 283
474 337
474 338
474 548
474 549
474 608
474 609
475 282
475 283
475 336
475 337
475 548
475 549
475 608
475 609
476 283
476 284
476 335
476 336
476 337
476 548
476 549
476 607
476 608
477 283
477 284
477 285
477 335
477 336
477 549
477 550
477 607
477 608
478 284
478 285
478 334
478 335
478 549
478 550
478 606
478 607
479 285
479 286
479 333
479 334
479 335
479 549
479 550
479 606
479 607
480 285
480 286
480 333
480 334
480 549
480 550
480 605
480 606
481 286
481 287
481 332
481 333
481 549
481 550
481 605
481 606
482 287
482 288
482 331
482 332
482 333
482 550
482 551
482 604
482 605
482 606
483 287
483 288
483 330
483 331
483 332
483 550
483 551
483 604
483 605
484 288
484 289
484 329
484 330
484 331
484 550
484 551
484 604
484 605
485 288
485 289
485 290
485 327
485 328
485 329
485 550
485 551
485 603
485 604
486 289
486 290
486 291
486 326
486 327
486 328
486 551
486 552
486 603
486 604
487 290
487 291
487 292
487 293
487 325
487 326
487 327
487 551
487 552
487 602
487 603
488 292
488 293
488 294
488 323
488 324
488 325
488 551
488 552
488 602
488 603
489 293
489 294
489 295
489 321
489 322
489 323
489 324
489 551
489 552
489 601
489 602
490 294
490 295
490 296
490 319
490 320
490 321
490 322
490 551
490 552
490 553
490 601
490 602
491 295
491 296
491 297
491 298
491 299
491 300
491 301
491 302
491 303
491 304
491 305
491 306
491 307
491 308
491 309
491 310
491 311
491 312
491 313
491 314
491 315
491 316
491 317
491 318
491 319
491 320
491 552
491 553
491 601
491 602
492 297
492 298
492 299
492 300
492 301
492 302
492 303
492 304
492 305
492 306
492 307
492 308
492 309
492 310
492 311
492 312
492 313
492 314
492 315
492 316
492 317
492 318
492 319
492 552
492 553
492 600
492 601
493 299
493 300
493 301
493 302
493 303
493 304
493 305
493 306
493 307
493 308
493 309
493 310
493 311
493 312
493 313
493 314
493 315
493 316
493 317
493 552
493 553
493 600
493 601
494 552
494 553
494 599
494 600
495 553
495 554
495 599
495 600
496 553
496 554
496 599
496 600
497 553
497 554
497 598
497 599
498 553
498 554
498 598
498 599
499 554
499 555
499 598
499 599
500 554
500 555
500 597
500 598
501 554
501 555
501 597
501 598
502 555
502 556
502 596
502 597
503 555
503 556
503 596
503 597
504 556
504 557
504 596
504 597
505 556
505 557
505 595
505 596
506 557
506 558
506 595
506 596
507 557
507 558
507 594
507 595
508 558
508 559
508 594
508 595
509 558
509 559
509 593
509 594
510 559
510 560
510 593
510 594
511 559
511 560
511 592
511 593
512 559
512 560
512 592
512 593
513 559
513 560
513 591
513 592
514 560
514 561
514 591
514 592
515 560
515 561
515 590
515 591
516 560
516 561
516 590
516 591
517 560
517 561
517 589
517 590
518 561
518 562
518 588
518 589
519 561
519 562
519 587
519 588
519 589
520 562
520 563
520 587
520 588
521 562
521 563
521 564
521 586
521 587
522 563
522 564
522 585
522 586
523 564
523 565
523 584
523 585
523 586
524 564
524 565
524 566
524 584
524 585
525 565
525 566
525 583
525 584
526 565
526 566
526 567
526 582
526 583
527 566
527 567
527 581
527 582
527 583
528 566
528 567
528 568
528 581
528 582
529 567
529 568
529 580
529 581
530 567
530 568
530 569
530 579
530 580
531 568
531 569
531 570
531 571
531 572
531 573
531 574
531 575
531 576
531 577
531 578
531 579
531 580
532 569
532 570
532 571
532 572
532 573
532 574
532 575
532 576
532 577
532 578
532 579
533 570
533 571
533 572
533 573
533 574
533 575
533 576
533 577
533 578
