49 344
49 345
49 346
49 347
49 348
49 349
49 350
49 351
49 352
49 353
50 340
50 341
50 342
50 343
50 353
50 354
50 355
50 356
51 337
51 338
51 339
51 340
51 357
51 358
51 359
52 334
52 335
52 336
52 360
52 361
52 362
53 331
53 332
53 333
53 362
53 363
53 364
54 329
54 330
54 331
54 364
54 365
54 366
55 327
55 328
55 366
55 367
55 368
56 325
56 326
56 368
56 369
57 324
57 370
57 371
58 322
58 323
58 372
58 373
59 321
59 373
59 374
60 320
60 375
60 376
61 319
61 376
61 377
62 318
62 343
62 344
62 345
62 346
62 347
62 348
62 349
62 350
62 351
62 352
62 353
62 378
63 317
63 340
63 341
63 342
63 343
63 354
63 355
63 356
63 357
63 358
63 379
63 380
64 316
64 337
64 338
64 339
64 358
64 359
64 360
64 361
64 380
64 381
65 315
65 316
65 335
65 336
65 362
65 363
65 364
65 382
66 314
66 315
66 333
66 334
66 364
66 365
66 366
66 383
67 314
67 331
67 332
67 367
67 368
67 384
68 313
68 330
68 331
68 369
68 370
68 385
68 386
69 312
69 313
69 329
69 371
69 372
69 386
69 387
70 312
70 328
70 373
70 374
70 387
70 388
71 311
71 326
71 327
71 374
71 375
71 388
71 389
72 310
72 311
72 326
72 376
72 377
72 389
72 390
73 310
73 325
73 377
73 378
73 391
74 309
74 310
74 324
74 379
74 380
74 392
75 309
75 323
75 380
75 381
75 393
76 308
76 322
76 382
76 394
76 395
77 308
77 321
77 322
77 383
77 384
77 395
77 396
78 307
78 321
78 384
78 385
78 396
78 397
79 307
79 320
79 385
79 386
79 397
79 398
80 306
80 319
80 320
80 386
80 387
80 398
80 399
81 306
81 319
81 388
81 400
82 305
82 318
82 389
82 401
83 305
83 318
83 390
83 402
84 304
84 317
84 391
84 403
85 304
85 316
85 317
85 392
85 404
85 405
86 303
86 316
86 393
86 394
86 405
86 406
87 303
87 315
87 316
87 394
87 395
87 406
87 407
88 302
88 303
88 315
88 395
88 396
88 407
88 408
89 302
89 314
89 315
89 396
89 397
89 408
89 409
90 302
90 314
90 397
90 398
90 410
91 301
91 314
91 398
91 399
91 411
92 301
92 313
92 399
92 400
92 412
93 300
93 301
93 313
93 401
93 413
94 300
94 312
94 402
94 414
94 415
95 300
95 312
95 403
95 415
95 416
96 299
96 311
96 312
96 404
96 405
96 416
96 417
97 299
97 311
97 405
97 406
97 417
97 418
98 298
98 311
98 406
98 407
98 419
99 298
99 310
99 407
99 408
99 420
100 297
100 310
100 408
100 409
100 421
101 297
101 309
101 310
101 410
101 422
102 296
102 309
102 410
102 411
102 423
102 424
103 296
103 309
103 412
103 424
103 425
104 295
104 308
104 413
104 425
104 426
105 294
105 295
105 308
105 414
105 426
105 427
106 294
106 307
106 308
106 415
106 416
106 427
106 428
107 293
107 307
107 416
107 429
108 292
108 293
108 307
108 417
108 418
108 430
109 292
109 306
109 418
109 419
109 431
110 291
110 306
110 419
110 420
110 432
110 433
111 290
111 305
111 306
111 420
111 421
111 433
111 434
112 289
112 305
112 421
112 422
112 434
112 435
113 288
113 305
113 423
113 435
113 436
114 287
114 288
114 304
114 424
114 436
114 437
115 285
115 286
115 304
115 425
115 438
116 282
116 283
116 284
116 285
116 303
116 426
116 439
117 275
117 276
117 277
117 278
117 279
117 280
117 281
117 282
117 303
117 427
117 440
118 269
118 270
118 271
118 272
118 273
118 274
118 275
118 302
118 428
118 429
118 441
119 264
119 265
119 266
119 267
119 268
119 269
119 301
119 302
119 429
119 430
119 442
119 443
120 258
120 259
120 260
120 261
120 262
120 263
120 301
120 430
120 431
120 443
120 444
121 254
121 255
121 256
121 257
121 258
121 300
121 431
121 432
121 444
121 445
122 249
122 250
122 251
122 252
122 253
122 299
122 432
122 433
122 445
122 446
123 244
123 245
123 246
123 247
123 248
123 298
123 433
123 434
123 446
123 447
124 240
124 241
124 242
124 243
124 244
124 296
124 297
124 435
124 448
125 237
125 238
125 239
125 240
125 292
125 293
125 294
125 295
125 436
125 449
126 233
126 234
126 235
126 236
126 277
126 278
126 279
126 280
126 281
126 282
126 283
126 284
126 285
126 286
126 287
126 288
126 289
126 290
126 291
126 292
126 437
126 450
127 230
127 231
127 232
127 233
127 271
127 272
127 273
127 274
127 275
127 276
127 277
127 284
127 285
127 438
127 451
128 228
128 229
128 230
128 267
128 268
128 269
128 270
128 271
128 439
128 452
128 453
129 226
129 227
129 263
129 264
129 265
129 266
129 440
129 441
129 453
129 454
130 224
130 225
130 259
130 260
130 261
130 262
130 263
130 441
130 442
130 454
130 455
131 223
131 224
131 256
131 257
131 258
131 259
131 442
131 443
131 455
131 456
132 221
132 222
132 253
132 254
132 255
132 256
132 443
132 444
132 457
133 220
133 221
133 250
133 251
133 252
133 253
133 444
133 445
133 458
134 219
134 248
134 249
134 250
134 445
134 446
134 459
135 217
135 218
135 245
135 246
135 247
135 446
135 447
135 460
136 216
136 217
136 243
136 244
136 245
136 447
136 448
136 461
136 462
137 215
137 216
137 241
137 242
137 449
137 462
137 463
138 214
138 238
138 239
138 240
138 450
138 463
138 464
139 212
139 213
139 236
139 237
139 238
139 451
139 464
139 465
140 211
140 212
140 234
140 235
140 236
140 452
140 465
140 466
141 210
141 211
141 232
141 233
141 234
141 453
141 467
142 209
142 210
142 231
142 232
142 454
142 455
142 468
143 208
143 209
143 229
143 230
143 455
143 456
143 469
144 207
144 227
144 228
144 456
144 457
144 470
144 471
145 206
145 225
145 226
145 457
145 458
145 471
145 472
146 205
146 224
146 225
146 458
146 459
146 472
146 473
147 204
147 222
147 223
147 460
147 473
147 474
148 203
148 221
148 222
148 460
148 461
148 474
148 475
149 202
149 219
149 220
149 462
149 476
150 201
150 218
150 219
150 463
150 477
151 200
151 217
151 464
151 478
152 199
152 215
152 216
152 465
152 479
153 198
153 214
153 215
153 466
153 480
153 481
154 197
154 213
154 214
154 467
154 468
154 481
154 482
155 196
155 212
155 468
155 469
155 482
155 483
156 195
156 211
156 469
156 470
156 483
156 484
157 194
157 210
157 470
157 471
157 484
157 485
158 193
158 194
158 209
158 471
158 472
158 486
159 192
159 193
159 208
159 472
159 473
159 487
160 192
160 207
160 474
160 488
161 191
161 206
161 475
161 489
162 190
162 205
162 206
162 476
162 490
162 491
163 189
163 190
163 204
163 205
163 477
163 491
163 492
164 189
164 204
164 478
164 492
164 493
165 188
165 203
165 479
165 480
165 493
165 494
166 187
166 188
166 202
166 203
166 480
166 481
166 495
167 187
167 202
167 481
167 482
167 496
168 186
168 187
168 201
168 482
168 483
168 497
169 186
169 200
169 201
169 483
169 484
170 185
170 200
170 484
170 485
171 185
171 199
171 485
171 486
172 184
172 199
172 487
173 184
173 198
173 488
174 183
174 197
174 198
174 489
175 183
175 197
175 490
176 182
176 196
177 182
177 196
178 181
178 195
179 180
179 181
179 194
179 195
180 180
180 194
181 179
181 180
181 193
181 194
182 179
182 193
183 178
183 179
183 192
184 178
184 192
185 177
185 178
185 191
186 177
186 191
187 176
187 177
187 190
188 176
188 190
189 176
189 189
190 175
190 189
191 175
191 188
192 174
192 187
192 188
193 174
193 187
194 173
194 186
194 187
195 173
195 186
196 172
196 185
196 186
197 172
197 185
198 171
198 184
198 185
199 171
199 184
200 170
200 183
201 170
201 183
202 169
202 170
202 182
203 169
203 182
204 168
204 169
204 181
205 168
205 180
205 181
206 167
206 168
206 180
207 167
207 179
208 166
208 167
208 179
209 166
209 178
210 166
210 177
210 178
211 165
211 177
212 165
212 176
212 177
213 164
213 176
214 164
214 175
215 163
215 175
216 163
216 174
217 162
217 163
217 174
218 162
218 173
219 161
219 162
219 172
219 173
220 161
220 172
221 161
221 171
221 172
222 160
222 171
223 160
223 170
223 171
224 159
224 170
225 159
225 169
225 170
226 158
226 169
227 158
227 168
228 157
228 158
228 168
229 157
229 167
229 168
230 156
230 157
230 167
231 156
231 166
231 167
232 155
232 156
232 166
233 155
233 166
234 155
234 165
235 154
235 165
236 154
236 164
237 153
237 164
238 153
238 164
239 152
239 163
240 152
240 163
241 151
241 152
241 162
242 151
242 162
243 150
243 151
243 161
244 150
244 161
245 149
245 150
245 160
246 149
246 160
247 148
247 149
247 159
247 160
248 148
248 159
249 148
249 158
249 159
250 147
250 158
251 147
251 158
252 146
252 157
253 146
253 157
254 145
254 156
255 145
255 156
256 144
256 155
257 144
257 155
258 143
258 144
258 154
259 143
259 154
260 142
260 143
260 153
261 142
261 153
262 142
262 152
263 141
263 152
264 141
264 151
264 152
265 140
265 151
266 140
266 151
267 139
267 140
267 150
268 139
268 150
269 139
269 150
270 138
270 149
271 138
271 149
272 137
272 138
272 148
272 149
273 137
273 148
274 137
274 148
275 136
275 147
276 136
276 147
277 136
277 146
277 147
278 135
278 146
279 135
279 146
280 134
280 135
280 145
280 146
281 134
281 145
282 134
282 145
283 133
283 134
283 144
284 133
284 144
285 133
285 144
286 132
286 143
287 132
287 143
288 132
288 143
289 131
289 142
290 131
290 142
291 131
291 142
292 130
292 141
293 130
293 141
294 130
294 141
295 129
295 140
296 129
296 140
297 129
297 140
298 128
298 139
299 128
299 139
300 128
300 139
301 127
301 128
301 138
302 127
302 138
303 127
303 138
304 126
304 127
304 137
304 138
305 126
305 137
306 126
306 137
307 126
307 136
307 137
308 125
308 126
308 136
309 125
309 136
310 125
310 136
311 125
311 135
312 124
312 125
312 135
313 124
313 135
314 124
314 134
314 135
315 124
315 134
316 124
316 134
317 123
317 134
318 123
318 134
319 123
319 133
319 134
320 123
320 133
321 123
321 133
322 123
322 133
323 123
323 133
324 122
324 123
324 133
325 122
325 123
325 133
326 122
326 133
327 122
327 133
328 122
328 133
329 122
329 133
330 122
330 133
331 122
331 133
332 122
332 133
333 122
333 133
334 122
334 133
335 122
335 133
336 122
336 133
337 122
337 133
338 122
338 133
339 122
339 133
340 122
340 133
341 122
341 133
342 122
342 133
343 122
343 133
344 122
344 133
345 122
345 133
346 122
346 133
347 122
347 133
348 122
348 133
349 122
349 133
350 122
350 123
350 133
351 123
351 133
352 123
352 133
353 123
353 133
353 134
354 123
354 133
354 134
355 123
355 133
355 134
356 123
356 134
357 123
357 134
358 123
358 134
359 123
359 134
359 174
359 175
360 123
360 124
360 134
360 175
361 124
361 134
361 175
361 176
362 124
362 134
362 176
363 124
363 134
363 177
364 124
364 134
364 168
364 177
364 178
365 124
365 125
365 134
365 168
365 169
365 178
366 125
366 135
366 169
366 170
366 179
367 125
367 135
367 170
367 171
367 179
367 180
368 125
368 135
368 171
368 172
368 180
369 125
369 135
369 172
369 173
369 181
370 125
370 135
370 173
370 181
370 182
371 125
371 136
371 174
371 182
372 125
372 126
372 136
372 175
372 183
373 126
373 136
373 176
373 183
373 184
374 126
374 136
374 176
374 184
375 126
375 137
375 177
375 185
376 126
376 137
376 178
376 185
377 126
377 127
377 137
377 178
377 186
378 127
378 138
378 179
378 186
379 127
379 138
379 179
379 187
380 127
380 138
380 180
380 187
381 128
381 139
381 180
381 188
382 128
382 139
382 181
382 188
383 128
383 139
383 181
383 188
384 128
384 129
384 140
384 181
384 188
384 189
385 129
385 140
385 182
385 189
386 129
386 140
386 141
386 182
386 189
387 129
387 130
387 141
387 182
387 189
388 130
388 141
388 182
388 189
388 190
389 130
389 142
389 182
389 190
390 131
390 142
390 182
390 183
390 190
391 131
391 142
391 143
391 183
391 190
392 131
392 143
392 183
392 190
393 132
393 143
393 183
393 190
394 132
394 144
394 183
394 190
395 132
395 133
395 144
395 183
395 190
396 133
396 144
396 145
396 183
396 190
397 133
397 145
397 183
397 190
397 191
398 134
398 145
398 183
398 190
398 191
399 134
399 146
399 183
399 190
399 191
400 134
400 135
400 146
400 183
400 190
400 191
401 135
401 146
401 147
401 183
401 190
402 135
402 136
402 147
402 183
402 190
403 136
403 147
403 148
403 182
403 183
403 190
404 137
404 148
404 182
404 190
405 137
405 148
405 149
405 182
405 190
406 138
406 149
406 182
406 190
407 138
407 139
407 150
407 181
407 190
408 139
408 150
408 181
408 190
409 140
409 151
409 180
409 189
410 140
410 141
410 151
410 152
410 180
410 189
411 141
411 152
411 179
411 189
412 142
412 153
412 178
412 179
412 188
413 142
413 154
413 178
413 188
414 143
414 155
414 177
414 187
415 144
415 156
415 176
415 187
416 144
416 145
416 157
416 158
416 175
416 176
416 186
417 145
417 146
417 158
417 159
417 174
417 185
418 146
418 160
418 161
418 172
418 173
418 184
419 147
419 162
419 163
419 164
419 165
419 169
419 170
419 171
419 183
419 184
420 148
420 165
420 166
420 167
420 168
420 182
421 149
421 180
421 181
422 150
422 151
422 179
422 180
423 152
423 153
423 154
423 177
423 178
424 154
424 155
424 156
424 157
424 175
424 176
425 157
425 158
425 159
425 160
425 161
425 162
425 171
425 172
425 173
425 174
426 162
426 163
426 164
426 165
426 166
426 167
426 168
426 169
426 170
426 171
