49 342
49 343
49 344
49 345
49 346
49 347
49 348
49 349
49 350
49 351
49 352
49 353
49 354
49 355
50 339
50 340
50 341
50 342
50 343
50 344
50 345
50 346
50 348
50 349
50 350
50 351
50 352
50 353
50 354
50 355
50 356
50 357
50 358
51 335
51 336
51 337
51 338
51 339
51 340
51 341
51 355
51 356
51 357
51 358
51 359
51 360
51 361
52 332
52 333
52 334
52 335
52 336
52 337
52 338
52 339
52 358
52 359
52 360
52 361
52 362
52 363
53 330
53 331
53 332
53 333
53 334
53 335
53 361
53 362
53 363
53 364
53 365
54 327
54 328
54 329
54 330
54 331
54 332
54 363
54 364
54 365
54 366
54 367
55 326
55 327
55 328
55 329
55 330
55 365
55 366
55 367
55 368
55 369
56 324
56 325
56 326
56 327
56 367
56 368
56 369
56 370
56 371
57 322
57 323
57 324
57 325
57 326
57 369
57 370
57 371
57 372
58 321
58 322
58 323
58 324
58 371
58 372
58 373
58 374
59 320
59 321
59 322
59 372
59 373
59 374
59 375
60 319
60 320
60 321
60 322
60 374
60 375
60 376
60 377
61 318
61 319
61 320
61 375
61 376
61 377
61 378
62 317
62 318
62 319
62 341
62 342
62 343
62 344
62 345
62 346
62 347
62 348
62 349
62 350
62 351
62 352
62 353
62 354
62 355
62 356
62 376
62 377
62 378
62 379
63 316
63 317
63 318
63 338
63 339
63 340
63 341
63 342
63 343
63 344
63 345
63 346
63 347
63 348
63 349
63 350
63 351
63 352
63 353
63 354
63 355
63 356
63 357
63 358
63 359
63 360
63 378
63 379
63 380
63 381
64 315
64 316
64 317
64 335
64 336
64 337
64 338
64 339
64 340
64 341
64 357
64 358
64 359
64 360
64 361
64 362
64 363
64 379
64 380
64 381
64 382
65 314
65 315
65 316
65 317
65 333
65 334
65 335
65 336
65 337
65 338
65 360
65 361
65 362
65 363
65 364
65 365
65 380
65 381
65 382
65 383
66 314
66 315
66 332
66 333
66 334
66 335
66 363
66 364
66 365
66 366
66 367
66 368
66 382
66 383
66 384
67 313
67 314
67 315
67 330
67 331
67 332
67 333
67 365
67 366
67 367
67 368
67 369
67 370
67 383
67 384
67 385
68 312
68 313
68 314
68 329
68 330
68 331
68 332
68 368
68 369
68 370
68 371
68 384
68 385
68 386
68 387
69 312
69 313
69 314
69 328
69 329
69 330
69 370
69 371
69 372
69 373
69 385
69 386
69 387
70 311
70 312
70 313
70 327
70 328
70 329
70 371
70 372
70 373
70 374
70 375
70 386
70 387
70 388
70 389
71 310
71 311
71 312
71 325
71 326
71 327
71 328
71 373
71 374
71 375
71 376
71 377
71 387
71 388
71 389
71 390
72 310
72 311
72 325
72 326
72 327
72 375
72 376
72 377
72 378
72 389
72 390
72 391
73 309
73 310
73 311
73 324
73 325
73 326
73 376
73 377
73 378
73 379
73 389
73 390
73 391
73 392
74 308
74 309
74 310
74 323
74 324
74 325
74 378
74 379
74 380
74 381
74 391
74 392
74 393
75 308
75 309
75 310
75 322
75 323
75 324
75 379
75 380
75 381
75 382
75 392
75 393
75 394
76 307
76 308
76 309
76 322
76 323
76 381
76 382
76 383
76 393
76 394
76 395
76 396
77 307
77 308
77 320
77 321
77 322
77 382
77 383
77 384
77 385
77 394
77 395
77 396
78 306
78 307
78 308
78 320
78 321
78 322
78 383
78 384
78 385
78 395
78 396
78 397
78 398
79 306
79 307
79 319
79 320
79 321
79 384
79 385
79 386
79 387
79 396
79 397
79 398
79 399
80 306
80 307
80 319
80 320
80 385
80 386
80 387
80 388
80 398
80 399
80 400
81 305
81 306
81 318
81 319
81 320
81 387
81 388
81 389
81 398
81 399
81 400
81 401
82 304
82 305
82 306
82 318
82 319
82 388
82 389
82 390
82 400
82 401
82 402
83 304
83 305
83 317
83 318
83 319
83 389
83 390
83 391
83 401
83 402
83 403
84 303
84 304
84 305
84 316
84 317
84 318
84 390
84 391
84 392
84 402
84 403
84 404
84 405
85 303
85 304
85 316
85 317
85 391
85 392
85 393
85 394
85 403
85 404
85 405
86 303
86 304
86 315
86 316
86 317
86 392
86 393
86 394
86 404
86 405
86 406
86 407
87 302
87 303
87 304
87 315
87 316
87 393
87 394
87 395
87 396
87 405
87 406
87 407
87 408
88 302
88 303
88 314
88 315
88 316
88 394
88 395
88 396
88 397
88 407
88 408
88 409
89 301
89 302
89 303
89 314
89 315
89 396
89 397
89 398
89 407
89 408
89 409
89 410
90 301
90 302
90 313
90 314
90 315
90 396
90 397
90 398
90 399
90 409
90 410
90 411
91 301
91 302
91 313
91 314
91 398
91 399
91 400
91 410
91 411
91 412
92 300
92 301
92 302
92 312
92 313
92 314
92 398
92 399
92 400
92 401
92 411
92 412
92 413
92 414
93 300
93 301
93 312
93 313
93 400
93 401
93 402
93 412
93 413
93 414
94 299
94 300
94 301
94 312
94 313
94 401
94 402
94 403
94 413
94 414
94 415
94 416
95 299
95 300
95 311
95 312
95 402
95 403
95 404
95 405
95 414
95 415
95 416
95 417
96 298
96 299
96 300
96 311
96 312
96 403
96 404
96 405
96 416
96 417
96 418
97 298
97 299
97 310
97 311
97 312
97 404
97 405
97 406
97 407
97 416
97 417
97 418
97 419
98 298
98 299
98 310
98 311
98 405
98 406
98 407
98 408
98 418
98 419
98 420
99 297
99 298
99 299
99 310
99 311
99 407
99 408
99 409
99 419
99 420
99 421
100 297
100 298
100 309
100 310
100 311
100 407
100 408
100 409
100 410
100 420
100 421
100 422
101 296
101 297
101 298
101 309
101 310
101 409
101 410
101 411
101 421
101 422
101 423
102 295
102 296
102 297
102 309
102 310
102 410
102 411
102 412
102 422
102 423
102 424
102 425
103 295
103 296
103 297
103 308
103 309
103 411
103 412
103 413
103 423
103 424
103 425
104 294
104 295
104 296
104 308
104 309
104 412
104 413
104 414
104 424
104 425
104 426
104 427
105 294
105 295
105 307
105 308
105 309
105 413
105 414
105 415
105 425
105 426
105 427
105 428
106 293
106 294
106 295
106 307
106 308
106 414
106 415
106 416
106 427
106 428
106 429
107 292
107 293
107 294
107 306
107 307
107 308
107 415
107 416
107 417
107 427
107 428
107 429
107 430
108 291
108 292
108 293
108 294
108 306
108 307
108 416
108 417
108 418
108 419
108 429
108 430
108 431
109 291
109 292
109 306
109 307
109 417
109 418
109 419
109 430
109 431
109 432
110 290
110 291
110 292
110 305
110 306
110 307
110 418
110 419
110 420
110 421
110 431
110 432
110 433
110 434
111 289
111 290
111 291
111 305
111 306
111 419
111 420
111 421
111 422
111 432
111 433
111 434
112 288
112 289
112 290
112 304
112 305
112 306
112 421
112 422
112 423
112 433
112 434
112 435
112 436
113 287
113 288
113 289
113 304
113 305
113 421
113 422
113 423
113 424
113 434
113 435
113 436
113 437
114 286
114 287
114 288
114 304
114 305
114 423
114 424
114 425
114 436
114 437
114 438
115 284
115 285
115 286
115 287
115 303
115 304
115 305
115 424
115 425
115 426
115 436
115 437
115 438
115 439
116 279
116 280
116 281
116 282
116 283
116 284
116 285
116 286
116 302
116 303
116 304
116 425
116 426
116 427
116 428
116 438
116 439
116 440
117 273
117 274
117 275
117 276
117 277
117 278
117 279
117 280
117 281
117 282
117 283
117 284
117 302
117 303
117 304
117 426
117 427
117 428
117 439
117 440
117 441
118 267
118 268
118 269
118 270
118 271
118 272
118 273
118 274
118 275
118 276
118 277
118 278
118 301
118 302
118 303
118 427
118 428
118 429
118 430
118 440
118 441
118 442
118 443
119 261
119 262
119 263
119 264
119 265
119 266
119 267
119 268
119 269
119 270
119 271
119 272
119 301
119 302
119 428
119 429
119 430
119 441
119 442
119 443
120 256
120 257
120 258
120 259
120 260
120 261
120 262
120 263
120 264
120 265
120 266
120 267
120 300
120 301
120 302
120 429
120 430
120 431
120 432
120 442
120 443
120 444
120 445
121 251
121 252
121 253
121 254
121 255
121 256
121 257
121 258
121 259
121 260
121 261
121 299
121 300
121 301
121 430
121 431
121 432
121 433
121 443
121 444
121 445
121 446
122 246
122 247
122 248
122 249
122 250
122 251
122 252
122 253
122 254
122 255
122 256
122 298
122 299
122 300
122 432
122 433
122 434
122 445
122 446
122 447
123 242
123 243
123 244
123 245
123 246
123 247
123 248
123 249
123 250
123 251
123 297
123 298
123 299
123 432
123 433
123 434
123 435
123 445
123 446
123 447
123 448
124 238
124 239
124 240
124 241
124 242
124 243
124 244
124 245
124 246
124 295
124 296
124 297
124 298
124 434
124 435
124 436
124 447
124 448
124 449
125 235
125 236
125 237
125 238
125 239
125 240
125 241
125 242
125 289
125 290
125 291
125 292
125 293
125 294
125 295
125 296
125 297
125 435
125 436
125 437
125 448
125 449
125 450
126 232
126 233
126 234
126 235
126 236
126 237
126 238
126 274
126 275
126 276
126 277
126 278
126 279
126 280
126 281
126 282
126 283
126 284
126 285
126 286
126 287
126 288
126 289
126 290
126 291
126 292
126 293
126 294
126 436
126 437
126 438
126 449
126 450
126 451
126 452
127 229
127 230
127 231
127 232
127 233
127 234
127 269
127 270
127 271
127 272
127 273
127 274
127 275
127 276
127 277
127 278
127 279
127 280
127 281
127 282
127 283
127 284
127 285
127 286
127 287
127 288
127 289
127 437
127 438
127 439
127 450
127 451
127 452
128 227
128 228
128 229
128 230
128 231
128 232
128 264
128 265
128 266
128 267
128 268
128 269
128 270
128 271
128 272
128 273
128 274
128 438
128 439
128 440
128 451
128 452
128 453
128 454
129 225
129 226
129 227
129 228
129 229
129 261
129 262
129 263
129 264
129 265
129 266
129 267
129 268
129 269
129 439
129 440
129 441
129 452
129 453
129 454
129 455
130 223
130 224
130 225
130 226
130 227
130 258
130 259
130 260
130 261
130 262
130 263
130 264
130 440
130 441
130 442
130 454
130 455
130 456
131 222
131 223
131 224
131 255
131 256
131 257
131 258
131 259
131 260
131 261
131 441
131 442
131 443
131 444
131 454
131 455
131 456
131 457
132 220
132 221
132 222
132 223
132 252
132 253
132 254
132 255
132 256
132 257
132 258
132 442
132 443
132 444
132 456
132 457
132 458
133 219
133 220
133 221
133 222
133 249
133 250
133 251
133 252
133 253
133 254
133 255
133 443
133 444
133 445
133 446
133 457
133 458
133 459
134 218
134 219
134 220
134 246
134 247
134 248
134 249
134 250
134 251
134 252
134 444
134 445
134 446
134 447
134 458
134 459
134 460
135 216
135 217
135 218
135 219
135 244
135 245
135 246
135 247
135 248
135 249
135 446
135 447
135 448
135 459
135 460
135 461
136 215
136 216
136 217
136 218
136 242
136 243
136 244
136 245
136 246
136 446
136 447
136 448
136 449
136 460
136 461
136 462
136 463
137 214
137 215
137 216
137 239
137 240
137 241
137 242
137 243
137 448
137 449
137 450
137 461
137 462
137 463
138 213
138 214
138 215
138 216
138 237
138 238
138 239
138 240
138 241
138 242
138 449
138 450
138 451
138 462
138 463
138 464
138 465
139 212
139 213
139 214
139 235
139 236
139 237
139 238
139 239
139 450
139 451
139 452
139 463
139 464
139 465
139 466
140 211
140 212
140 213
140 233
140 234
140 235
140 236
140 237
140 451
140 452
140 453
140 465
140 466
140 467
141 209
141 210
141 211
141 212
141 231
141 232
141 233
141 234
141 235
141 452
141 453
141 454
141 455
141 465
141 466
141 467
141 468
142 209
142 210
142 211
142 229
142 230
142 231
142 232
142 233
142 453
142 454
142 455
142 467
142 468
142 469
143 207
143 208
143 209
143 210
143 227
143 228
143 229
143 230
143 231
143 454
143 455
143 456
143 457
143 468
143 469
143 470
144 206
144 207
144 208
144 226
144 227
144 228
144 229
144 455
144 456
144 457
144 458
144 469
144 470
144 471
144 472
145 205
145 206
145 207
145 224
145 225
145 226
145 227
145 457
145 458
145 470
145 471
145 472
146 204
146 205
146 206
146 207
146 223
146 224
146 225
146 226
146 457
146 458
146 459
146 460
146 471
146 472
146 473
146 474
147 203
147 204
147 205
147 221
147 222
147 223
147 224
147 458
147 459
147 460
147 461
147 472
147 473
147 474
147 475
148 202
148 203
148 204
148 220
148 221
148 222
148 223
148 460
148 461
148 462
148 474
148 475
148 476
149 201
149 202
149 203
149 218
149 219
149 220
149 221
149 460
149 461
149 462
149 463
149 474
149 475
149 476
149 477
150 200
150 201
150 202
150 217
150 218
150 219
150 220
150 462
150 463
150 464
150 476
150 477
150 478
151 199
151 200
151 201
151 216
151 217
151 218
151 463
151 464
151 465
151 477
151 478
151 479
152 198
152 199
152 200
152 214
152 215
152 216
152 217
152 464
152 465
152 466
152 478
152 479
152 480
152 481
153 197
153 198
153 199
153 213
153 214
153 215
153 216
153 465
153 466
153 467
153 479
153 480
153 481
154 196
154 197
154 198
154 212
154 213
154 214
154 466
154 467
154 468
154 469
154 480
154 481
154 482
154 483
155 195
155 196
155 197
155 211
155 212
155 213
155 214
155 467
155 468
155 469
155 481
155 482
155 483
155 484
156 194
156 195
156 196
156 210
156 211
156 212
156 468
156 469
156 470
156 471
156 483
156 484
156 485
157 193
157 194
157 195
157 209
157 210
157 211
157 469
157 470
157 471
157 472
157 483
157 484
157 485
157 486
158 192
158 193
158 194
158 195
158 208
158 209
158 210
158 471
158 472
158 473
158 485
158 486
158 487
159 192
159 193
159 207
159 208
159 209
159 471
159 472
159 473
159 474
159 486
159 487
159 488
160 191
160 192
160 193
160 206
160 207
160 208
160 473
160 474
160 475
160 487
160 488
160 489
160 490
161 190
161 191
161 192
161 206
161 207
161 474
161 475
161 476
161 488
161 489
161 490
162 189
162 190
162 191
162 204
162 205
162 206
162 475
162 476
162 477
162 489
162 490
162 491
162 492
163 189
163 190
163 204
163 205
163 206
163 476
163 477
163 478
163 490
163 491
163 492
163 493
164 188
164 189
164 190
164 203
164 204
164 205
164 477
164 478
164 479
164 492
164 493
164 494
165 187
165 188
165 189
165 203
165 204
165 478
165 479
165 480
165 492
165 493
165 494
165 495
166 187
166 188
166 189
166 201
166 202
166 203
166 479
166 480
166 481
166 494
166 495
166 496
167 186
167 187
167 188
167 201
167 202
167 203
167 480
167 481
167 482
167 483
167 495
167 496
167 497
168 186
168 187
168 200
168 201
168 202
168 481
168 482
168 483
168 496
168 497
169 185
169 186
169 187
169 200
169 201
169 482
169 483
169 484
169 485
170 185
170 186
170 199
170 200
170 201
170 483
170 484
170 485
170 486
171 184
171 185
171 186
171 198
171 199
171 200
171 485
171 486
171 487
172 183
172 184
172 185
172 198
172 199
172 200
172 485
172 486
172 487
172 488
173 183
173 184
173 185
173 197
173 198
173 199
173 487
173 488
173 489
174 182
174 183
174 184
174 197
174 198
174 488
174 489
174 490
175 182
175 183
175 196
175 197
175 198
175 489
175 490
176 181
176 182
176 183
176 196
176 197
177 181
177 182
177 195
177 196
177 197
178 180
178 181
178 182
178 194
178 195
178 196
179 180
179 181
179 194
179 195
180 179
180 180
180 181
180 193
180 194
180 195
181 179
181 180
181 193
181 194
182 178
182 179
182 180
182 192
182 193
182 194
183 178
183 179
183 192
183 193
184 177
184 178
184 179
184 191
184 192
184 193
185 177
185 178
185 190
185 191
185 192
186 176
186 177
186 178
186 190
186 191
186 192
187 176
187 177
187 189
187 190
187 191
188 176
188 177
188 189
188 190
189 175
189 176
189 188
189 189
189 190
190 174
190 175
190 176
190 188
190 189
191 174
191 175
191 187
191 188
191 189
192 173
192 174
192 175
192 187
192 188
193 173
193 174
193 186
193 187
193 188
194 173
194 174
194 186
194 187
195 172
195 173
195 185
195 186
195 187
196 172
196 173
196 185
196 186
197 171
197 172
197 173
197 184
197 185
197 186
198 170
198 171
198 172
198 184
198 185
199 170
199 171
199 172
199 183
199 184
199 185
200 170
200 171
200 182
200 183
200 184
201 169
201 170
201 182
201 183
201 184
202 169
202 170
202 181
202 182
202 183
203 168
203 169
203 170
203 181
203 182
204 168
204 169
204 180
204 181
204 182
205 167
205 168
205 169
205 180
205 181
206 167
206 168
206 179
206 180
206 181
207 166
207 167
207 168
207 178
207 179
207 180
208 166
208 167
208 178
208 179
209 165
209 166
209 167
209 177
209 178
209 179
210 165
210 166
210 177
210 178
211 164
211 165
211 166
211 176
211 177
211 178
212 164
212 165
212 176
212 177
213 164
213 165
213 175
213 176
213 177
214 163
214 164
214 165
214 174
214 175
214 176
215 163
215 164
215 174
215 175
216 162
216 163
216 164
216 173
216 174
216 175
217 162
217 163
217 173
217 174
218 161
218 162
218 163
218 172
218 173
218 174
219 161
219 162
219 172
219 173
220 160
220 161
220 162
220 171
220 172
220 173
221 160
221 161
221 171
221 172
222 159
222 160
222 161
222 170
222 171
222 172
223 159
223 160
223 170
223 171
224 159
224 160
224 169
224 170
224 171
225 158
225 159
225 160
225 169
225 170
226 158
226 159
226 168
226 169
226 170
227 157
227 158
227 159
227 168
227 169
228 157
228 158
228 167
228 168
228 169
229 156
229 157
229 167
229 168
230 156
230 157
230 166
230 167
230 168
231 155
231 156
231 157
231 166
231 167
232 155
232 156
232 165
232 166
232 167
233 154
233 155
233 156
233 165
233 166
234 154
234 155
234 165
234 166
235 154
235 155
235 164
235 165
236 153
236 154
236 155
236 164
236 165
237 152
237 153
237 154
237 163
237 164
237 165
238 152
238 153
238 154
238 163
238 164
239 151
239 152
239 153
239 163
239 164
240 151
240 152
240 162
240 163
240 164
241 151
241 152
241 161
241 162
241 163
242 150
242 151
242 152
242 161
242 162
243 150
243 151
243 161
243 162
244 149
244 150
244 151
244 160
244 161
244 162
245 149
245 150
245 160
245 161
246 149
246 150
246 159
246 160
246 161
247 148
247 149
247 159
247 160
248 147
248 148
248 149
248 158
248 159
248 160
249 147
249 148
249 158
249 159
250 146
250 147
250 148
250 157
250 158
250 159
251 146
251 147
251 157
251 158
252 146
252 147
252 156
252 157
252 158
253 145
253 146
253 147
253 156
253 157
254 145
254 146
254 155
254 156
254 157
255 144
255 145
255 146
255 155
255 156
256 144
256 145
256 155
256 156
257 143
257 144
257 145
257 154
257 155
257 156
258 143
258 144
258 154
258 155
259 142
259 143
259 144
259 153
259 154
259 155
260 142
260 143
260 152
260 153
260 154
261 141
261 142
261 143
261 152
261 153
262 141
262 142
262 152
262 153
263 141
263 142
263 151
263 152
263 153
264 140
264 141
264 142
264 151
264 152
265 140
265 141
265 151
265 152
266 139
266 140
266 141
266 150
266 151
267 139
267 140
267 150
267 151
268 138
268 139
268 140
268 149
268 150
268 151
269 138
269 139
269 149
269 150
270 138
270 139
270 149
270 150
271 137
271 138
271 139
271 148
271 149
271 150
272 137
272 138
272 148
272 149
273 136
273 137
273 138
273 147
273 148
273 149
274 136
274 137
274 147
274 148
275 136
275 137
275 147
275 148
276 135
276 136
276 137
276 146
276 147
276 148
277 135
277 136
277 146
277 147
278 135
278 136
278 146
278 147
279 134
279 135
279 136
279 145
279 146
280 134
280 135
280 145
280 146
281 134
281 135
281 144
281 145
281 146
282 133
282 134
282 135
282 144
282 145
283 133
283 134
283 144
283 145
284 132
284 133
284 134
284 143
284 144
284 145
285 132
285 133
285 143
285 144
286 132
286 133
286 143
286 144
287 131
287 132
287 133
287 142
287 143
287 144
288 131
288 132
288 142
288 143
289 131
289 132
289 142
289 143
290 130
290 131
290 132
290 141
290 142
290 143
291 130
291 131
291 141
291 142
292 130
292 131
292 141
292 142
293 129
293 130
293 131
293 140
293 141
293 142
294 129
294 130
294 140
294 141
295 129
295 130
295 140
295 141
296 128
296 129
296 130
296 139
296 140
296 141
297 128
297 129
297 139
297 140
298 128
298 129
298 139
298 140
299 128
299 129
299 138
299 139
299 140
300 127
300 128
300 138
300 139
301 127
301 128
301 138
301 139
302 126
302 127
302 128
302 138
302 139
303 126
303 127
303 137
303 138
303 139
304 126
304 127
304 137
304 138
305 126
305 127
305 137
305 138
306 125
306 126
306 127
306 136
306 137
306 138
307 125
307 126
307 136
307 137
308 125
308 126
308 136
308 137
309 125
309 126
309 135
309 136
310 124
310 125
310 135
310 136
311 124
311 125
311 135
311 136
312 124
312 125
312 134
312 135
312 136
313 124
313 125
313 134
313 135
314 123
314 124
314 125
314 134
314 135
315 123
315 124
315 134
315 135
316 123
316 124
316 133
316 134
316 135
317 123
317 124
317 133
317 134
318 123
318 124
318 133
318 134
319 123
319 124
319 133
319 134
320 122
320 123
320 124
320 133
320 134
321 122
321 123
321 133
321 134
322 122
322 123
322 133
322 134
323 122
323 123
323 133
323 134
324 122
324 123
324 133
324 134
325 122
325 123
325 133
325 134
326 122
326 123
326 133
326 134
327 122
327 123
327 133
327 134
328 122
328 123
328 133
328 134
329 122
329 123
329 133
329 134
330 122
330 123
330 133
330 134
331 122
331 123
331 133
331 134
332 122
332 123
332 133
332 134
333 122
333 123
333 133
333 134
334 122
334 123
334 133
334 134
335 122
335 133
335 134
336 122
336 133
336 134
337 122
337 133
337 134
338 122
338 133
338 134
339 122
339 123
339 133
339 134
340 122
340 123
340 133
340 134
341 122
341 123
341 133
341 134
342 122
342 123
342 133
342 134
343 122
343 123
343 133
343 134
344 122
344 123
344 133
344 134
345 122
345 123
345 133
345 134
346 122
346 123
346 133
346 134
347 122
347 123
347 133
347 134
348 122
348 123
348 133
348 134
349 122
349 123
349 133
349 134
350 122
350 123
350 133
350 134
351 122
351 123
351 133
351 134
352 122
352 123
352 133
352 134
353 122
353 123
353 133
353 134
354 122
354 123
354 133
354 134
355 122
355 123
355 133
355 134
356 122
356 123
356 124
356 133
356 134
357 123
357 124
357 133
357 134
358 123
358 124
358 133
358 134
359 123
359 124
359 133
359 134
359 174
359 175
360 123
360 124
360 133
360 134
360 174
360 175
360 176
361 123
361 124
361 133
361 134
361 135
361 174
361 175
361 176
362 123
362 124
362 134
362 135
362 175
362 176
362 177
363 123
363 124
363 125
363 134
363 135
363 176
363 177
363 178
364 124
364 125
364 134
364 135
364 168
364 169
364 177
364 178
365 124
365 125
365 134
365 135
365 168
365 169
365 177
365 178
365 179
366 124
366 125
366 134
366 135
366 168
366 169
366 170
366 171
366 178
366 179
366 180
367 124
367 125
367 134
367 135
367 169
367 170
367 171
367 172
367 179
367 180
368 124
368 125
368 134
368 135
368 136
368 171
368 172
368 173
368 179
368 180
368 181
369 125
369 135
369 136
369 171
369 172
369 173
369 174
369 180
369 181
370 125
370 126
370 135
370 136
370 173
370 174
370 180
370 181
370 182
370 183
371 125
371 126
371 135
371 136
371 173
371 174
371 175
371 181
371 182
371 183
372 125
372 126
372 135
372 136
372 174
372 175
372 176
372 182
372 183
372 184
373 125
373 126
373 135
373 136
373 137
373 175
373 176
373 177
373 183
373 184
374 125
374 126
374 127
374 136
374 137
374 176
374 177
374 183
374 184
374 185
375 126
375 127
375 136
375 137
375 176
375 177
375 178
375 184
375 185
375 186
376 126
376 127
376 136
376 137
376 138
376 177
376 178
376 184
376 185
376 186
377 126
377 127
377 137
377 138
377 177
377 178
377 179
377 185
377 186
377 187
378 126
378 127
378 128
378 137
378 138
378 178
378 179
378 180
378 186
378 187
379 127
379 128
379 137
379 138
379 179
379 180
379 186
379 187
379 188
380 127
380 128
380 138
380 139
380 179
380 180
380 181
380 187
380 188
381 127
381 128
381 138
381 139
381 180
381 181
381 187
381 188
382 127
382 128
382 129
382 138
382 139
382 140
382 180
382 181
382 187
382 188
382 189
383 128
383 129
383 139
383 140
383 180
383 181
383 182
383 188
383 189
384 128
384 129
384 139
384 140
384 181
384 182
384 188
384 189
385 128
385 129
385 130
385 139
385 140
385 141
385 181
385 182
385 188
385 189
386 129
386 130
386 140
386 141
386 181
386 182
386 188
386 189
386 190
387 129
387 130
387 140
387 141
387 142
387 181
387 182
387 183
387 189
387 190
388 129
388 130
388 131
388 141
388 142
388 182
388 183
388 189
388 190
389 130
389 131
389 141
389 142
389 182
389 183
389 189
389 190
390 130
390 131
390 141
390 142
390 143
390 182
390 183
390 189
390 190
391 130
391 131
391 132
391 142
391 143
391 182
391 183
391 189
391 190
392 131
392 132
392 142
392 143
392 182
392 183
392 189
392 190
392 191
393 131
393 132
393 142
393 143
393 144
393 182
393 183
393 190
393 191
394 131
394 132
394 133
394 143
394 144
394 145
394 182
394 183
394 190
394 191
395 132
395 133
395 144
395 145
395 182
395 183
395 190
395 191
396 132
396 133
396 134
396 144
396 145
396 182
396 183
396 190
396 191
397 133
397 134
397 144
397 145
397 146
397 182
397 183
397 190
397 191
398 133
398 134
398 145
398 146
398 182
398 183
398 190
398 191
399 133
399 134
399 135
399 145
399 146
399 182
399 183
399 190
399 191
400 134
400 135
400 145
400 146
400 147
400 182
400 183
400 190
400 191
401 134
401 135
401 136
401 146
401 147
401 182
401 183
401 190
401 191
402 135
402 136
402 146
402 147
402 148
402 182
402 183
402 190
402 191
403 135
403 136
403 137
403 147
403 148
403 182
403 183
403 190
403 191
404 136
404 137
404 138
404 147
404 148
404 149
404 182
404 183
404 190
404 191
405 137
405 138
405 148
405 149
405 182
405 183
405 190
405 191
406 137
406 138
406 139
406 149
406 150
406 181
406 182
406 189
406 190
406 191
407 138
407 139
407 149
407 150
407 151
407 180
407 181
407 182
407 189
407 190
408 138
408 139
408 140
408 150
408 151
408 180
408 181
408 189
408 190
409 139
409 140
409 141
409 150
409 151
409 152
409 180
409 181
409 189
409 190
410 139
410 140
410 141
410 151
410 152
410 153
410 179
410 180
410 181
410 188
410 189
411 140
411 141
411 142
411 151
411 152
411 153
411 178
411 179
411 180
411 188
411 189
412 141
412 142
412 143
412 152
412 153
412 154
412 178
412 179
412 187
412 188
412 189
413 142
413 143
413 153
413 154
413 155
413 177
413 178
413 179
413 187
413 188
414 142
414 143
414 144
414 154
414 155
414 156
414 176
414 177
414 178
414 186
414 187
414 188
415 143
415 144
415 145
415 155
415 156
415 157
415 158
415 175
415 176
415 177
415 186
415 187
416 144
416 145
416 156
416 157
416 158
416 174
416 175
416 176
416 185
416 186
416 187
417 144
417 145
417 146
417 157
417 158
417 159
417 160
417 172
417 173
417 174
417 175
417 176
417 184
417 185
417 186
418 145
418 146
418 147
418 158
418 159
418 160
418 161
418 162
418 163
418 171
418 172
418 173
418 174
418 183
418 184
418 185
419 146
419 147
419 148
419 160
419 161
419 162
419 163
419 164
419 165
419 166
419 167
419 168
419 169
419 170
419 171
419 172
419 182
419 183
419 184
420 147
420 148
420 149
420 163
420 164
420 165
420 166
420 167
420 168
420 169
420 170
420 171
420 181
420 182
420 183
420 184
421 148
421 149
421 150
421 180
421 181
421 182
422 149
422 150
422 151
422 152
422 153
422 178
422 179
422 180
423 150
423 151
423 152
423 153
423 154
423 155
423 156
423 176
423 177
423 178
423 179
423 180
424 153
424 154
424 155
424 156
424 157
424 158
424 159
424 173
424 174
424 175
424 176
424 177
424 178
425 156
425 157
425 158
425 159
425 160
425 161
425 162
425 163
425 164
425 165
425 166
425 167
425 168
425 169
425 170
425 171
425 172
425 173
425 174
425 175
426 160
426 161
426 162
426 163
426 164
426 165
426 166
426 167
426 168
426 169
426 170
426 171
426 172
426 173
